100
0 852 0 16 414 0 633 445 581 600 16 982 670 528 0 0 369 241 0 0 946 311 956 0 0 0 274 448 855 0 391 553 0 102 134 390 299 787 422 0 585 510 372 212 398 0 0 508 0 349 704 0 0 0 289 0 899 0 0 401 414 308 0 381 97 0 364 228 907 0 315 452 643 0 0 0 277 559 923 433 231 869 22 0 600 0 446 0 347 665 681 976 93 548 0 241 365 353 822 911
852 0 88 75 372 920 125 0 981 912 0 193 0 96 256 360 309 501 867 454 0 209 165 0 926 526 147 32 192 558 949 0 314 403 0 756 923 770 607 0 982 298 93 928 0 717 0 202 274 125 0 636 0 0 0 521 777 0 0 35 270 74 487 0 0 746 555 0 0 791 499 0 425 0 226 740 652 865 131 486 724 0 271 0 364 672 0 0 914 953 0 12 0 0 193 616 45 119 0 778
0 88 0 744 0 947 262 598 0 0 91 0 265 971 149 516 674 496 725 0 91 165 914 0 451 0 35 0 866 0 0 0 0 367 0 496 0 554 0 444 744 512 98 0 906 628 214 762 276 653 784 606 0 850 305 0 830 0 0 0 0 345 844 217 43 0 0 11 0 437 333 386 0 365 737 0 534 0 917 522 369 212 0 349 0 205 0 0 179 0 0 465 0 0 0 76 0 474 0 450
16 75 744 0 71 855 562 0 133 0 84 434 79 651 0 732 961 0 83 897 0 0 239 153 618 619 618 37 0 0 534 601 384 0 0 0 658 216 177 0 256 0 125 723 622 0 320 0 0 0 306 271 498 0 24 492 0 254 0 687 788 430 731 0 700 171 512 0 0 584 139 306 0 0 595 823 38 905 47 0 475 0 456 363 287 93 0 279 0 739 768 205 0 0 0 912 48 954 192 697
414 372 0 71 0 307 506 284 0 476 629 0 0 0 590 0 0 349 442 366 475 120 0 889 209 719 128 401 458 834 105 0 73 0 107 650 0 881 524 402 0 20 0 47 0 726 0 0 0 0 606 201 295 168 347 0 343 336 0 578 0 532 596 890 0 825 0 69 606 0 146 503 445 0 0 0 0 29 718 0 0 0 827 815 68 0 304 244 844 796 542 452 639 0 946 92 974 613 781 0
0 920 947 855 307 0 328 0 0 367 438 353 10 0 0 798 545 274 0 916 0 264 430 736 62 846 627 558 307 734 68 0 0 174 975 0 811 645 307 335 234 0 490 0 341 502 514 554 0 426 768 953 258 575 66 0 108 0 0 342 195 653 0 430 754 913 496 0 0 0 266 21 348 0 119 914 0 0 293 349 356 655 0 441 0 0 801 748 760 593 0 0 533 258 849 0 912 633 0 354
633 125 262 562 506 328 0 465 0 768 856 134 0 115 839 563 815 0 827 0 750 0 80 0 927 133 398 681 160 0 682 533 0 0 0 321 0 0 0 816 972 874 303 325 0 722 957 727 805 116 768 0 552 101 781 0 538 255 592 624 0 0 76 801 115 0 664 0 0 718 600 420 0 692 0 926 43 0 112 975 0 303 186 0 0 167 0 0 656 917 0 337 614 0 204 0 619 681 178 462
445 0 598 0 284 0 465 0 571 689 0 627 66 978 810 538 961 520 479 630 367 196 573 0 726 947 316 615 0 10 880 838 481 871 419 0 843 0 384 400 0 593 0 509 0 460 619 0 539 890 1000 53 318 339 263 886 681 940 642 725 204 486 41 561 80 706 0 219 88 755 0 0 0 0 0 924 0 0 91 30 689 903 0 750 858 138 0 0 610 860 0 0 431 749 984 0 212 0 293 984
581 981 0 133 0 0 0 571 0 830 771 0 268 0 798 573 726 0 182 598 0 366 172 0 241 312 72 85 249 0 450 0 0 929 549 169 709 719 0 0 0 175 101 281 92 98 0 147 646 721 150 535 199 0 193 53 0 540 898 191 586 0 923 0 573 548 699 553 0 606 0 397 0 30 0 0 258 0 0 0 0 0 0 686 0 0 403 371 777 0 31 383 845 932 678 955 874 722 815 0
600 912 0 0 476 367 768 689 830 0 540 128 618 386 0 790 893 0 590 502 698 18 893 112 959 711 639 797 312 956 891 0 331 573 0 0 0 517 0 0 222 116 734 913 0 0 287 0 68 262 0 0 164 214 941 0 606 0 873 978 695 842 680 470 406 454 159 534 784 207 250 394 3 0 0 944 45 0 0 486 527 267 55 251 499 0 829 0 0 0 0 798 787 521 414 0 0 241 419 858
16 0 91 84 629 438 856 0 771 540 0 701 0 12 512 885 615 515 775 856 0 463 677 565 854 218 0 530 770 0 0 0 726 161 415 423 929 0 131 0 358 341 0 0 981 696 122 482 0 0 185 312 0 814 194 547 0 457 532 341 33 0 235 802 0 931 0 545 635 805 758 855 192 121 0 577 561 0 0 70 0 458 0 956 222 0 361 873 649 199 0 523 0 360 677 0 0 398 0 129
982 193 0 434 0 353 134 627 0 128 701 0 482 67 0 605 0 0 0 696 0 0 93 651 429 0 913 124 200 0 288 733 899 391 758 395 731 894 0 0 0 347 0 477 83 516 424 26 0 822 0 308 0 56 29 0 932 0 488 801 488 0 790 388 184 0 349 814 839 130 0 30 930 351 420 236 0 322 436 677 0 766 0 341 419 0 865 870 0 763 683 0 397 418 892 953 0 396 249 968
670 0 265 79 0 10 0 66 268 618 0 482 0 692 105 32 0 0 0 306 436 0 859 305 636 0 0 820 291 347 761 947 641 0 0 0 697 642 924 119 328 298 218 90 437 176 0 0 0 637 384 269 26 217 300 786 500 864 431 0 0 0 273 204 892 744 0 0 0 151 520 664 18 0 0 0 0 682 676 729 454 443 467 0 165 553 0 0 873 718 979 0 964 469 0 648 261 370 943 0
528 96 971 651 0 0 115 978 0 386 12 67 692 0 984 387 860 147 778 0 0 846 0 391 0 0 0 675 210 643 344 883 0 649 774 0 0 518 406 803 839 913 889 420 0 189 341 890 811 457 823 747 0 0 481 208 371 10 836 26 0 19 0 991 445 563 730 664 0 185 929 0 897 494 607 357 485 0 469 0 321 392 436 41 786 0 0 0 629 0 415 441 0 675 980 68 170 790 407 221
0 256 149 0 590 0 839 810 798 0 512 0 105 984 0 439 358 784 518 705 417 348 0 202 65 394 65 0 997 0 645 0 610 612 312 0 0 279 468 193 0 0 758 0 62 88 683 686 869 93 74 0 0 974 764 727 0 899 766 913 334 0 256 0 235 742 0 402 527 0 0 355 661 0 0 0 0 0 551 0 664 928 0 0 810 825 0 670 43 806 0 240 374 0 525 480 652 0 300 821
0 360 516 732 0 798 563 538 573 790 885 605 32 387 439 0 57 0 219 0 373 129 4 0 39 0 797 643 752 0 851 174 18 428 639 146 0 479 0 988 659 322 0 698 157 352 291 70 892 0 107 0 0 461 848 414 524 876 558 637 898 868 514 0 44 0 0 949 317 983 837 369 868 823 216 736 295 0 0 0 0 676 625 101 638 0 903 900 466 1 55 557 641 749 456 140 702 816 784 0
369 309 674 961 0 545 815 961 726 893 615 0 0 860 358 57 0 994 983 875 354 989 747 18 93 62 792 0 0 550 912 0 860 861 228 760 755 242 0 0 0 577 0 691 888 986 367 152 0 533 0 446 423 0 0 452 835 16 0 0 362 729 0 291 257 0 236 0 325 693 438 0 0 428 59 287 380 0 308 294 942 0 600 0 283 937 84 408 0 0 799 850 804 0 0 0 0 212 984 451
241 501 496 0 349 274 0 520 0 0 515 0 0 147 784 0 994 0 443 0 947 213 252 839 0 0 0 791 0 0 653 482 0 95 863 0 0 0 900 0 727 722 0 935 33 940 888 273 838 0 394 786 185 0 948 297 92 0 0 0 0 0 879 0 655 100 709 724 232 231 982 0 99 651 749 488 570 118 71 0 545 786 485 369 92 263 108 151 939 586 416 0 577 437 907 190 523 355 481 524
0 867 725 83 442 0 827 479 182 590 775 0 0 778 518 219 983 443 0 569 321 442 0 458 610 0 267 108 713 628 309 101 130 784 0 566 0 109 261 0 964 0 0 0 336 170 0 848 0 538 245 57 0 582 375 222 845 349 477 0 406 528 0 280 384 301 315 0 786 113 392 0 301 971 478 393 850 0 0 0 507 211 884 472 0 303 0 604 0 0 193 272 147 610 138 492 897 961 381 0
0 454 0 897 366 916 0 630 598 502 856 696 306 0 705 0 875 0 569 0 365 0 0 131 462 851 0 736 199 868 525 458 11 0 848 885 0 0 0 0 0 0 184 647 0 626 0 403 62 382 0 325 0 18 244 0 0 860 0 0 85 849 940 458 929 0 375 659 0 274 541 494 0 756 695 0 721 640 0 0 298 0 469 0 502 0 0 950 0 504 530 0 588 0 71 865 0 608 34 541
946 0 91 0 475 0 750 367 0 698 0 0 436 0 417 373 354 947 321 365 0 475 0 0 511 0 733 0 463 883 230 637 599 442 624 0 649 532 0 0 672 125 793 995 321 786 113 255 147 476 166 857 234 250 648 16 0 484 90 627 0 0 0 681 0 429 0 4 954 555 717 0 0 0 135 574 694 0 0 0 0 356 479 775 111 0 0 454 616 604 676 0 0 0 0 864 696 0 598 664
311 209 165 0 120 264 0 196 366 18 463 0 0 846 348 129 989 213 442 0 475 0 147 669 534 561 146 634 0 514 0 0 677 0 180 0 546 11 0 626 919 0 0 139 748 0 0 537 526 0 727 0 927 764 424 0 0 751 275 394 346 925 0 33 0 541 543 588 0 0 916 0 0 0 519 487 0 0 590 967 822 593 654 65 842 361 867 640 740 0 0 11 986 0 0 0 625 313 0 711
956 165 914 239 0 430 80 573 172 893 677 93 859 0 0 4 747 252 0 0 0 147 0 769 0 737 128 0 596 989 0 0 0 511 454 182 595 133 248 0 895 318 74 747 0 188 772 250 544 673 154 621 483 984 361 830 0 0 970 815 0 817 934 54 550 865 0 0 271 403 0 895 0 42 993 230 210 739 0 0 0 0 335 0 0 970 977 0 0 0 262 0 167 70 839 0 322 609 0 182
0 0 0 153 889 736 0 0 0 112 565 651 305 391 202 0 18 839 458 131 0 669 769 0 205 857 0 561 108 372 531 149 424 4 0 778 592 55 751 559 444 251 0 0 125 0 934 346 736 0 0 0 99 784 415 0 419 408 682 500 28 905 0 720 0 0 235 984 765 240 965 616 547 156 0 380 0 140 0 0 917 0 565 0 0 549 0 0 0 115 874 362 588 192 828 565 143 153 504 0
0 926 451 618 209 62 927 726 241 959 854 429 636 0 65 39 93 0 610 462 511 534 0 205 0 268 205 493 784 924 344 931 0 385 0 888 549 824 987 138 0 798 995 22 0 0 382 383 339 0 0 922 320 0 0 0 883 257 955 220 52 89 0 470 0 0 0 0 154 0 0 121 960 1 0 847 0 0 980 389 962 0 521 457 942 548 0 0 959 0 0 145 0 0 0 0 609 0 952 0
0 526 0 619 719 846 133 947 312 711 218 0 0 0 394 0 62 0 0 851 0 561 737 857 268 0 97 985 904 176 0 800 102 131 898 802 0 958 0 0 810 0 918 57 718 0 34 0 977 83 432 796 75 0 0 0 827 869 0 308 654 96 62 995 191 877 776 997 618 0 510 24 888 0 86 0 0 0 158 0 388 967 653 238 319 730 0 621 699 710 516 369 151 200 128 488 132 896 769 744
274 147 35 618 128 627 398 316 72 639 0 913 0 0 65 797 792 0 267 0 733 146 128 0 205 97 0 109 741 846 607 882 0 541 971 0 0 379 0 38 359 0 0 920 0 350 650 13 623 255 0 0 416 162 0 0 0 0 161 672 0 174 0 719 0 0 0 200 0 326 0 118 741 407 812 0 779 957 690 464 79 293 207 852 0 256 0 0 114 0 0 389 0 347 324 325 867 795 552 161
448 32 0 37 401 558 681 615 85 797 530 124 820 675 0 643 0 791 108 736 0 634 0 561 493 985 109 0 626 428 840 424 0 630 731 0 51 208 470 532 107 0 0 0 0 664 0 113 60 577 0 644 345 968 925 585 420 291 0 464 275 0 53 476 978 390 581 405 792 923 0 857 765 0 0 529 490 673 263 96 47 148 212 755 12 501 819 175 0 223 723 230 829 838 0 0 354 660 0 0
855 192 866 0 458 307 160 0 249 312 770 200 291 210 997 752 0 0 713 199 463 0 596 108 784 904 741 626 0 632 601 692 429 309 298 183 611 87 615 333 156 626 818 874 811 0 721 717 671 273 0 856 750 0 0 923 290 39 417 0 488 0 468 0 725 35 0 0 0 45 0 136 0 297 0 0 5 64 0 786 0 874 209 829 109 774 85 0 254 269 37 191 447 0 100 153 331 900 219 0
0 558 0 0 834 734 0 10 0 956 0 0 347 643 0 0 550 0 628 868 883 514 989 372 924 176 846 428 632 0 639 770 922 34 0 543 942 601 746 734 750 0 530 0 621 788 901 760 997 990 155 940 250 769 352 659 82 423 0 812 666 3 833 122 976 280 0 169 536 359 854 919 322 0 688 0 424 917 0 361 124 655 0 273 645 0 0 0 599 903 566 45 679 0 692 91 324 0 0 0
391 949 0 534 105 68 682 880 450 891 0 288 761 344 645 851 912 653 309 525 230 0 0 531 344 0 607 840 601 639 0 957 623 465 525 68 25 503 585 0 814 399 0 789 0 478 518 641 473 72 295 244 0 452 541 362 160 561 0 954 162 284 902 0 0 229 445 70 914 186 662 0 541 858 0 0 119 122 529 0 0 605 0 248 178 0 288 773 9 687 207 608 465 0 0 279 0 316 788 0
553 0 0 601 0 0 533 838 0 0 0 733 947 883 0 174 0 482 101 458 637 0 0 149 931 800 882 424 692 770 957 0 483 9 779 631 0 0 534 441 498 873 387 0 16 467 518 253 314 0 779 494 879 556 490 0 332 241 150 0 316 732 906 0 0 0 0 835 251 0 791 141 609 632 275 0 254 828 518 0 510 38 0 288 554 375 0 0 309 160 909 155 211 264 125 100 0 95 654 435
0 314 0 384 73 0 0 481 0 331 726 899 641 0 610 18 860 0 130 11 599 677 0 424 0 102 0 0 429 922 623 483 0 726 76 733 79 183 0 692 784 95 343 84 0 483 614 845 580 11 0 400 177 131 0 510 741 382 261 195 144 887 970 372 632 87 54 604 543 858 187 0 776 745 0 0 711 8 0 961 0 0 17 0 278 333 0 0 863 803 41 0 0 305 0 284 185 606 894 0
102 403 367 0 0 174 0 871 929 573 161 391 0 649 612 428 861 95 784 0 442 0 511 4 385 131 541 630 309 34 465 9 726 0 700 499 19 398 793 376 59 638 982 3 0 167 493 650 0 0 0 321 833 911 906 262 0 0 154 915 0 0 157 382 615 352 658 0 341 0 0 0 539 442 0 277 275 13 0 824 237 85 973 440 207 0 70 470 366 0 572 341 65 146 703 364 642 20 33 0
134 0 0 0 107 975 0 419 549 0 415 758 0 774 312 639 228 863 0 848 624 180 454 0 0 898 971 731 298 0 525 779 76 700 0 906 350 711 0 0 435 817 0 0 0 960 639 75 565 997 208 986 856 0 990 813 714 582 731 0 0 900 0 0 301 532 0 0 836 460 849 0 593 0 325 870 255 0 0 29 978 980 512 75 0 991 610 113 0 768 964 303 0 0 816 178 0 125 796 0
390 756 496 0 650 0 321 0 169 0 423 395 0 0 0 146 760 0 566 885 0 0 182 778 888 802 0 0 183 543 68 631 733 499 906 0 385 951 0 514 0 628 845 644 0 0 102 667 441 471 672 629 0 634 0 0 923 50 0 127 0 605 229 313 0 0 187 28 41 597 85 0 0 0 367 134 734 89 217 2 0 0 807 0 875 346 670 267 0 205 0 602 343 332 0 527 649 0 359 0
299 923 0 658 0 811 0 843 709 0 929 731 697 0 0 0 755 0 0 0 649 546 595 592 549 0 0 51 611 942 25 0 79 19 350 385 0 27 629 595 435 242 0 439 525 226 473 844 118 933 801 0 219 956 695 651 989 881 555 0 10 408 327 0 788 451 77 685 859 957 748 210 0 20 803 999 176 708 293 0 314 669 880 701 0 0 250 0 645 953 855 305 809 597 513 0 39 216 484 886
787 770 554 216 881 645 0 0 719 517 0 894 642 518 279 479 242 0 109 0 532 11 133 55 824 958 379 208 87 601 503 0 183 398 711 951 27 0 722 0 0 135 715 0 0 0 0 0 937 595 514 152 0 0 107 0 567 0 116 205 698 609 918 245 0 936 60 0 245 4 0 879 725 390 535 0 0 214 0 907 735 467 964 602 0 946 779 0 0 510 0 0 0 769 834 751 689 309 758 944
422 607 0 177 524 307 0 384 0 0 131 0 924 406 468 0 0 900 261 0 0 0 248 751 987 0 0 470 615 746 585 534 0 793 0 0 629 722 0 307 350 797 881 901 212 224 355 0 251 802 61 189 485 0 0 0 503 0 225 0 180 171 980 776 787 909 594 511 0 516 29 16 173 348 0 558 0 312 665 150 0 0 143 228 814 0 392 178 84 216 0 0 842 101 698 0 55 725 0 0
0 0 444 0 402 335 816 400 0 0 0 0 119 803 193 988 0 0 0 0 0 626 0 559 138 0 38 532 333 734 0 441 692 376 0 514 595 0 307 0 208 0 586 276 236 409 0 831 456 35 0 538 0 0 0 0 0 30 136 737 646 777 534 629 0 0 304 448 0 737 543 326 17 174 0 584 0 762 512 942 972 0 664 166 0 602 0 496 0 508 280 519 97 0 806 0 396 622 579 11
585 982 744 256 0 234 972 0 0 222 358 0 328 839 0 659 0 727 964 0 672 919 895 444 0 810 359 107 156 750 814 498 784 59 435 0 435 0 350 208 0 261 244 0 191 883 205 0 274 666 22 471 144 746 702 92 745 750 0 454 753 982 491 133 0 437 0 0 207 779 376 0 457 969 304 163 227 457 444 0 0 0 503 0 0 132 0 798 271 722 0 0 558 112 0 0 837 764 955 0
510 298 512 0 20 0 874 593 175 116 341 347 298 913 0 322 577 722 0 0 125 0 318 251 798 0 0 0 626 0 399 873 95 638 817 628 242 135 797 0 261 0 7 0 710 352 834 0 51 0 783 472 0 717 597 0 0 0 216 0 0 906 635 841 0 883 0 0 856 870 0 881 5 482 0 0 191 605 0 0 948 0 906 982 268 354 81 239 0 365 642 686 0 514 615 740 0 865 530 903
372 93 98 125 0 490 303 0 101 734 0 0 218 889 758 0 0 0 0 184 793 0 74 0 995 918 0 0 818 530 0 387 343 982 0 845 0 715 881 586 244 7 0 690 598 709 457 274 698 121 366 82 990 776 0 174 0 727 0 226 888 798 0 81 921 827 313 598 0 684 908 197 0 102 352 654 0 0 981 400 844 170 719 849 0 587 0 0 0 0 608 875 980 699 197 577 0 688 0 25
212 928 0 723 47 0 325 509 281 913 0 477 90 420 0 698 691 935 0 647 995 139 747 0 22 57 920 0 874 0 789 0 84 3 0 644 439 0 901 276 0 0 690 0 953 498 0 0 983 359 714 217 968 0 434 0 903 538 772 845 0 130 837 320 363 247 992 957 0 0 774 743 0 968 557 604 731 846 508 0 591 554 22 774 677 701 277 687 652 333 771 299 582 849 81 62 0 370 0 386
398 0 906 622 0 341 0 0 92 0 981 83 437 0 62 157 888 33 336 0 321 748 0 125 0 718 0 0 811 621 0 16 0 0 0 0 525 0 212 236 191 710 598 953 0 343 674 0 707 640 491 0 0 0 25 577 54 736 0 648 212 367 976 143 0 394 172 0 977 199 262 0 853 0 331 0 0 595 566 906 0 0 496 807 0 930 707 889 34 297 227 78 264 457 998 921 468 58 0 891
0 717 628 0 726 502 722 460 98 0 696 516 176 189 88 352 986 940 170 626 786 0 188 0 0 0 350 664 0 788 478 467 483 167 960 0 226 0 224 409 883 352 709 498 343 0 128 0 0 627 0 185 56 871 0 446 215 0 0 705 443 0 0 782 260 660 0 579 0 589 455 611 0 116 876 87 485 817 0 118 157 335 636 733 870 0 0 672 159 36 124 0 782 842 121 0 610 0 298 670
0 0 214 320 0 514 957 619 0 287 122 424 0 341 683 291 367 888 0 0 113 0 772 934 382 34 650 0 721 901 518 518 614 493 639 102 473 0 355 0 205 834 457 0 674 128 0 9 593 686 0 919 205 0 858 0 966 586 0 726 398 368 916 630 672 195 250 0 458 977 840 0 605 408 991 62 935 486 771 0 729 0 0 0 229 127 0 480 418 30 255 693 959 359 746 614 839 269 985 670
508 202 762 0 0 554 727 0 147 0 482 26 0 890 686 70 152 273 848 403 255 537 250 346 383 0 13 113 717 760 641 253 845 650 75 667 844 0 0 831 0 0 274 0 0 0 9 0 336 990 0 0 0 0 656 196 333 0 0 0 967 0 0 444 0 823 608 900 694 702 909 550 0 639 321 0 0 650 507 599 939 399 773 407 0 0 0 48 176 336 939 0 0 0 459 623 0 758 991 509
0 274 276 0 0 0 805 539 646 68 0 0 0 811 869 892 0 838 0 62 147 526 544 736 339 977 623 60 671 997 473 314 580 0 565 441 118 937 251 456 274 51 698 983 707 0 593 336 0 923 976 423 300 110 772 365 0 0 0 0 0 948 637 567 611 555 0 0 0 650 0 0 568 0 423 132 0 270 669 151 660 0 438 0 0 457 857 0 243 0 807 0 426 836 261 436 0 0 0 382
349 125 653 0 0 426 116 890 721 262 0 822 637 457 93 0 533 0 538 382 476 0 673 0 0 83 255 577 273 990 72 0 11 0 997 471 933 595 802 35 666 0 121 359 640 627 686 990 923 0 929 277 537 181 263 0 534 873 542 904 814 680 0 762 0 0 349 53 104 0 0 0 0 0 442 916 0 487 0 0 508 0 906 0 589 235 0 936 0 126 0 742 360 321 894 0 823 43 369 588
704 0 784 306 606 768 768 1000 150 0 185 0 384 823 74 107 0 394 245 0 166 727 154 0 0 432 0 0 0 155 295 779 0 0 208 672 801 514 61 0 22 783 366 714 491 0 0 0 976 929 0 700 796 285 0 0 25 0 660 254 450 74 0 365 152 421 251 610 216 149 156 810 17 0 109 240 772 135 540 118 835 880 600 407 775 451 181 634 810 0 939 0 428 0 578 0 582 0 0 0
0 636 606 271 201 953 0 53 535 0 312 308 269 747 0 0 446 786 57 325 857 0 621 0 922 796 0 644 856 940 244 494 400 321 986 629 0 152 189 538 471 472 82 217 0 185 919 0 423 277 700 0 749 756 0 0 0 499 0 640 634 788 489 0 623 98 368 0 0 240 0 536 0 591 753 602 985 553 757 605 203 602 338 24 309 0 331 0 628 51 151 718 995 52 578 0 0 824 0 634
0 0 0 498 295 258 552 318 199 164 0 0 26 0 0 0 423 185 0 0 234 927 483 99 320 75 416 345 750 250 0 879 177 833 856 0 219 0 485 0 144 0 990 968 0 56 205 0 300 537 796 749 0 75 239 33 719 745 922 493 0 0 994 155 561 342 0 623 682 0 688 492 893 0 148 538 130 0 996 616 0 0 957 617 538 200 708 0 112 456 208 781 428 966 309 0 318 336 4 468
0 0 850 0 168 575 101 339 0 214 814 56 217 0 974 461 0 0 582 18 250 764 984 784 0 0 162 968 0 769 452 556 131 911 0 634 956 0 0 0 746 717 776 0 0 871 0 0 110 181 285 756 75 0 820 283 403 286 560 592 288 178 0 52 726 36 0 0 560 0 969 767 0 0 318 687 653 996 33 0 894 790 257 310 0 949 0 0 16 448 844 1000 793 339 312 0 18 180 980 968
289 0 305 24 347 66 781 263 193 941 194 29 300 481 764 848 0 948 375 244 648 424 361 415 0 0 0 925 0 352 541 490 0 906 990 0 695 107 0 0 702 597 0 434 25 0 858 656 772 263 0 0 239 820 0 305 0 245 0 0 827 193 895 553 0 968 0 636 295 584 935 229 807 658 971 436 0 0 589 255 144 962 0 242 758 540 100 0 691 802 60 492 0 611 948 255 407 785 609 547
0 521 0 492 0 0 0 886 53 0 547 0 786 208 727 414 452 297 222 0 16 0 830 0 0 0 0 585 923 659 362 0 510 262 813 0 651 0 0 0 92 0 174 0 577 446 0 196 365 0 0 0 33 283 305 0 343 880 0 0 889 757 58 0 154 535 0 93 539 841 0 0 0 73 535 527 185 437 0 5 0 153 0 184 485 534 258 58 0 334 290 805 0 152 0 579 117 0 994 543
899 777 830 0 343 108 538 681 0 606 0 932 500 371 0 524 835 92 845 0 0 0 0 419 883 827 0 420 290 82 160 332 741 0 714 923 989 567 503 0 745 0 0 903 54 215 966 333 0 534 25 0 719 403 0 343 0 268 981 0 474 0 0 0 542 927 930 0 543 0 737 603 691 0 0 120 826 0 0 0 845 0 0 678 0 219 0 0 999 555 506 0 47 616 0 0 0 807 0 162
0 0 0 254 336 0 255 940 540 0 457 0 864 10 899 876 16 0 349 860 484 751 0 408 257 869 0 291 39 423 561 241 382 0 582 50 881 0 0 30 750 0 727 538 736 0 586 0 0 873 0 499 745 286 245 880 268 0 414 66 680 765 0 0 0 72 620 0 0 413 147 223 219 943 566 0 626 0 0 0 0 0 415 0 150 718 0 872 805 0 149 0 0 73 375 0 825 198 204 0
0 0 0 0 0 0 592 642 898 873 532 488 431 836 766 558 0 0 477 0 90 275 970 682 955 0 161 0 417 0 0 150 261 154 731 0 555 116 225 136 0 216 0 772 0 0 0 0 0 542 660 0 922 560 0 0 981 414 0 320 0 890 0 605 676 632 575 0 482 881 175 0 699 103 753 213 505 251 815 138 0 0 0 714 471 55 0 159 383 0 735 0 775 314 0 296 249 233 0 825
401 35 0 687 578 342 624 725 191 978 341 801 0 26 913 637 0 0 0 0 627 394 815 500 220 308 672 464 0 812 954 0 195 915 0 127 0 205 0 737 454 0 226 845 648 705 726 0 0 904 254 640 493 592 0 0 0 66 320 0 899 534 80 20 0 204 704 973 634 886 0 0 889 0 472 0 0 0 857 987 501 0 378 908 416 773 645 614 0 0 448 379 34 0 361 398 681 109 628 670
414 270 0 788 0 195 0 204 586 695 33 488 0 0 334 898 362 0 406 85 0 346 0 28 52 654 0 275 488 666 162 316 144 0 0 0 10 698 180 646 753 0 888 0 212 443 398 967 0 814 450 634 0 288 827 889 474 680 0 899 0 404 570 0 794 0 485 85 286 424 197 634 38 990 0 792 212 932 626 727 707 0 61 272 437 756 7 722 79 0 188 928 0 567 948 269 200 91 639 249
308 74 345 430 532 653 0 486 0 842 0 0 0 19 0 868 729 0 528 849 0 925 817 905 89 96 174 0 0 3 284 732 887 0 900 605 408 609 171 777 982 906 798 130 367 0 368 0 948 680 74 788 0 178 193 757 0 765 890 534 404 0 629 0 685 446 609 151 646 377 0 664 660 0 720 763 0 350 717 0 362 694 976 0 0 0 528 260 0 904 823 858 484 78 0 0 749 798 693 318
0 487 844 731 596 0 76 41 923 680 235 790 273 0 256 514 0 879 0 940 0 0 934 0 0 62 0 53 468 833 902 906 970 157 0 229 327 918 980 534 491 635 0 837 976 0 916 0 637 0 0 489 994 0 895 58 0 0 0 80 570 629 0 734 0 601 127 470 362 0 0 0 751 843 718 765 841 1 235 33 913 963 0 722 905 315 163 0 403 784 304 278 384 0 839 554 451 0 984 296
381 0 217 0 890 430 801 561 0 470 802 388 204 991 0 0 291 0 280 458 681 33 54 720 470 995 719 476 0 122 0 0 372 382 0 313 0 245 776 629 133 841 81 320 143 782 630 444 567 762 365 0 155 52 553 0 0 0 605 20 0 0 734 0 481 0 0 541 52 970 27 993 0 592 926 310 395 518 165 507 539 64 0 378 105 420 262 847 184 995 0 696 0 8 0 564 224 212 762 257
97 0 43 700 0 754 115 80 573 406 0 184 892 445 235 44 257 655 384 929 0 0 550 0 0 191 0 978 725 976 0 0 632 615 301 0 788 0 787 0 0 0 921 363 0 260 672 0 611 0 152 623 561 726 0 154 542 0 676 0 794 685 0 481 0 328 481 207 522 815 897 0 0 840 420 698 0 46 119 790 0 0 966 72 0 689 848 396 721 402 189 0 749 962 0 649 765 0 283 0
0 746 0 171 825 913 0 706 548 454 931 0 744 563 742 0 0 100 301 0 429 541 865 0 0 877 0 390 35 280 229 0 87 352 532 0 451 936 909 0 437 883 827 247 394 660 195 823 555 0 421 98 342 36 968 535 927 72 632 204 0 446 601 0 328 0 639 0 0 823 578 553 593 254 824 976 604 307 995 679 858 337 855 953 530 109 0 257 0 410 76 332 77 0 93 813 997 760 555 16
364 555 0 512 0 496 664 0 699 159 0 349 0 730 0 0 236 709 315 375 0 543 0 235 0 776 0 581 0 0 445 0 54 658 0 187 77 60 594 304 0 0 313 992 172 0 250 608 0 349 251 368 0 0 0 0 930 620 575 704 485 609 127 0 481 639 0 865 0 741 0 213 772 0 889 682 214 872 802 0 246 0 126 114 127 0 355 266 454 998 0 548 0 186 353 36 461 129 0 0
228 0 11 0 69 0 0 219 553 534 545 814 0 664 402 949 0 724 0 659 4 588 0 984 0 997 200 405 0 169 70 835 604 0 0 28 685 0 511 448 0 0 598 957 0 579 0 900 0 53 610 0 623 0 636 93 0 0 0 973 85 151 470 541 207 0 865 0 707 0 478 0 759 199 0 0 0 0 26 124 85 133 216 0 882 149 489 332 702 438 230 0 0 0 655 0 0 809 0 198
907 0 0 0 606 0 0 88 0 784 635 839 0 0 527 317 325 232 786 0 954 0 271 765 154 618 0 792 0 536 914 251 543 341 836 41 859 245 0 0 207 856 0 0 977 0 458 694 0 104 216 0 682 560 295 539 543 0 482 634 286 646 362 52 522 0 0 707 0 360 0 547 0 792 559 520 860 0 593 893 938 0 850 0 440 498 0 0 0 0 850 709 109 116 742 895 851 276 123 213
0 791 437 584 0 0 718 755 606 207 805 130 151 185 0 983 693 231 113 274 555 0 403 240 0 0 326 923 45 359 186 0 858 0 460 597 957 4 516 737 779 870 684 0 199 589 977 702 650 0 149 240 0 0 584 841 0 413 881 886 424 377 0 970 815 823 741 0 360 0 524 441 773 909 0 0 602 545 777 0 359 0 534 163 807 793 556 363 51 168 373 0 366 0 648 702 403 0 344 0
315 499 333 139 146 266 600 0 0 250 758 0 520 929 0 837 438 982 392 541 717 916 0 965 0 510 0 0 0 854 662 791 187 0 849 85 748 0 29 543 376 0 908 774 262 455 840 909 0 0 156 0 688 969 935 0 737 147 175 0 197 0 0 27 897 578 0 478 0 524 0 914 0 132 28 0 5 0 0 257 829 669 0 957 476 0 709 162 972 613 973 925 639 800 407 275 797 842 418 726
452 0 386 306 503 21 420 0 397 394 855 30 664 0 355 369 0 0 0 494 0 0 895 616 121 24 118 857 136 919 0 141 0 0 0 0 210 879 16 326 0 881 197 743 0 611 0 550 0 0 810 536 492 767 229 0 603 223 0 0 634 664 0 993 0 553 213 0 547 441 914 0 620 0 792 0 119 582 122 525 0 844 476 849 43 198 616 618 823 112 256 317 0 880 0 867 108 0 0 199
643 425 0 0 445 348 0 0 0 3 192 930 18 897 661 868 0 99 301 0 0 0 0 547 960 888 741 765 0 322 541 609 776 539 593 0 0 725 173 17 457 5 0 0 853 0 605 0 568 0 17 0 893 0 807 0 691 219 699 889 38 660 751 0 0 593 772 759 0 773 0 620 0 530 0 364 104 896 923 617 379 236 826 778 488 0 602 0 619 0 0 630 504 883 0 879 0 0 0 414
0 0 365 0 0 0 692 0 30 0 121 351 0 494 0 823 428 651 971 756 0 0 42 156 1 0 407 0 297 0 858 632 745 442 0 0 20 390 348 174 969 482 102 968 0 116 408 639 0 0 0 591 0 0 658 73 0 943 103 0 990 0 843 592 840 254 0 199 792 909 132 0 530 0 603 606 154 698 71 0 271 352 116 990 197 519 679 359 0 537 57 710 642 888 880 597 294 838 0 407
0 226 737 595 0 119 0 0 0 0 0 420 0 607 0 216 59 749 478 695 135 519 993 0 0 86 812 0 0 688 0 275 0 0 325 367 803 535 0 0 304 0 352 557 331 876 991 321 423 442 109 753 148 318 971 535 0 566 753 472 0 720 718 926 420 824 889 0 559 0 28 792 0 603 0 924 0 0 179 664 737 897 311 677 168 644 563 927 0 567 856 71 0 861 90 0 0 0 272 204
0 740 0 823 0 914 926 924 0 944 577 236 0 357 0 736 287 488 393 0 574 487 230 380 847 0 0 529 0 0 0 0 0 277 870 134 999 0 558 584 163 0 654 604 0 87 62 0 132 916 240 602 538 687 436 527 120 0 213 0 792 763 765 310 698 976 682 0 520 0 0 0 364 606 924 0 224 328 33 936 0 276 182 758 935 0 928 37 481 707 686 770 209 142 182 0 476 382 89 0
277 652 534 38 0 0 43 0 258 45 561 0 0 485 0 295 380 570 850 721 694 0 210 0 0 0 779 490 5 424 119 254 711 275 255 734 176 0 0 0 227 191 0 731 0 485 935 0 0 0 772 985 130 653 0 185 826 626 505 0 212 0 841 395 0 604 214 0 860 602 5 119 104 154 0 224 0 83 404 337 414 758 0 680 0 0 778 941 923 0 895 807 196 0 255 0 0 76 840 0
559 865 0 905 29 0 0 0 0 0 0 322 682 0 0 0 0 118 0 640 0 0 739 140 0 0 957 673 64 917 122 828 8 13 0 89 708 214 312 762 457 605 0 846 595 817 486 650 270 487 135 553 0 996 0 437 0 0 251 0 932 350 1 518 46 307 872 0 0 545 0 582 896 698 0 328 83 0 932 127 0 292 0 648 749 211 361 205 0 0 667 150 25 0 0 690 18 820 822 0
923 131 917 47 718 293 112 91 0 0 0 436 676 469 551 0 308 71 0 0 0 590 0 0 980 158 690 263 0 0 529 518 0 0 0 217 293 0 665 512 444 0 981 508 566 0 771 507 669 0 540 757 996 33 589 0 0 0 815 857 626 717 235 165 119 995 802 26 593 777 0 122 923 71 179 33 404 932 0 559 0 896 913 0 0 855 0 572 0 276 287 171 991 0 855 0 0 899 502 835
433 486 522 0 0 349 975 30 0 486 70 677 729 0 0 0 294 0 0 0 0 967 0 0 389 0 464 96 786 361 0 0 961 824 29 2 0 907 150 942 0 0 400 0 906 118 0 599 151 0 118 605 616 0 255 5 0 0 138 987 727 0 33 507 790 679 0 124 893 0 257 525 617 0 664 936 337 127 559 0 357 281 918 172 235 877 651 511 876 389 0 775 543 476 531 242 348 616 0 0
231 724 369 475 0 356 0 689 0 527 0 0 454 321 664 0 942 545 507 298 0 822 0 917 962 388 79 47 0 124 0 510 0 237 978 0 314 735 0 972 0 948 844 591 0 157 729 939 660 508 835 203 0 894 144 0 845 0 0 501 707 362 913 539 0 858 246 85 938 359 829 0 379 271 737 0 414 0 0 357 0 861 296 0 346 0 1 732 846 547 0 53 0 857 749 628 0 454 772 48
869 0 212 0 0 655 303 903 0 267 458 766 443 392 928 676 0 786 211 0 356 593 0 0 0 967 293 148 874 655 605 38 0 85 980 0 669 467 0 0 0 0 170 554 0 335 0 399 0 0 880 602 0 790 962 153 0 0 0 0 0 694 963 64 0 337 0 133 0 0 669 844 236 352 897 276 758 292 896 281 861 0 610 35 0 0 918 0 89 0 772 211 376 0 971 0 0 475 241 828
22 271 0 456 827 0 186 0 0 55 0 0 467 436 0 625 600 485 884 469 479 654 335 565 521 653 207 212 209 0 0 0 17 973 512 807 880 964 143 664 503 906 719 22 496 636 0 773 438 906 600 338 957 257 0 0 0 415 0 378 61 976 0 0 966 855 126 216 850 534 0 476 826 116 311 182 0 0 913 918 296 610 0 457 766 982 592 0 919 0 54 236 131 0 786 86 0 735 663 0
0 0 349 363 815 441 0 750 686 251 956 341 0 41 0 101 0 369 472 0 775 65 0 0 457 238 852 755 829 273 248 288 0 440 75 0 701 602 228 166 0 982 849 774 807 733 0 407 0 0 407 24 617 310 242 184 678 0 714 908 272 0 722 378 72 953 114 0 0 163 957 849 778 990 677 758 680 648 0 172 0 35 457 0 287 794 578 659 0 574 76 275 980 81 379 76 784 922 0 516
600 364 0 287 68 0 0 858 0 499 222 419 165 786 810 638 283 92 0 502 111 842 0 0 942 319 0 12 109 645 178 554 278 207 0 875 0 0 814 0 0 268 0 677 0 870 229 0 0 589 775 309 538 0 758 485 0 150 471 416 437 0 905 105 0 530 127 882 440 807 476 43 488 197 168 935 0 749 0 235 346 0 766 287 0 781 221 661 0 803 67 121 0 205 671 0 454 689 0 944
0 672 205 93 0 0 167 138 0 0 0 0 553 0 825 0 937 263 303 0 0 361 970 549 548 730 256 501 774 0 0 375 333 0 991 346 0 946 0 602 132 354 587 701 930 0 127 0 457 235 451 0 200 949 540 534 219 718 55 773 756 0 315 420 689 109 0 149 498 793 0 198 0 519 644 0 0 211 855 877 0 0 982 794 781 0 761 301 965 72 0 0 210 0 172 0 709 583 0 932
446 0 0 0 304 801 0 0 403 829 361 865 0 0 0 903 84 108 0 0 0 867 977 0 0 0 0 819 85 0 288 0 0 70 610 670 250 779 392 0 0 81 0 277 707 0 0 0 857 0 181 331 708 0 100 258 0 0 0 645 7 528 163 262 848 0 355 489 0 556 709 616 602 679 563 928 778 361 0 651 1 918 592 578 221 761 0 981 686 720 0 156 777 496 874 181 0 150 0 434
0 0 0 279 244 748 0 0 371 0 873 870 0 0 670 900 408 151 604 950 454 640 0 0 0 621 0 175 0 0 773 0 0 470 113 267 0 0 178 496 798 239 0 687 889 672 480 48 0 936 634 0 0 0 0 58 0 872 159 614 722 260 0 847 396 257 266 332 0 363 162 618 0 359 927 37 941 205 572 511 732 0 0 659 661 301 981 0 48 754 23 719 0 712 270 0 0 493 394 634
347 914 179 0 844 760 656 610 777 0 649 0 873 629 43 466 0 939 0 0 616 740 0 0 959 699 114 0 254 599 9 309 863 366 0 0 645 0 84 0 271 0 0 652 34 159 418 176 243 0 810 628 112 16 691 0 999 805 383 0 79 0 403 184 721 0 454 702 0 51 972 823 619 0 0 481 923 0 0 876 846 89 919 0 0 965 686 48 0 526 258 0 0 711 228 149 2 762 970 0
665 953 0 739 796 593 917 860 0 0 199 763 718 0 806 1 0 586 0 504 604 0 0 115 0 710 0 223 269 903 687 160 803 0 768 205 953 510 216 508 722 365 0 333 297 36 30 336 0 126 0 51 456 448 802 334 555 0 0 0 0 904 784 995 402 410 998 438 0 168 613 112 0 537 567 707 0 0 276 389 547 0 0 574 803 72 720 754 526 0 301 13 630 0 181 802 907 905 340 866
681 0 0 768 542 0 0 0 31 0 0 683 979 415 0 55 799 416 193 530 676 0 262 874 0 516 0 723 37 566 207 909 41 572 964 0 855 0 0 280 0 642 608 771 227 124 255 939 807 0 939 151 208 844 60 290 506 149 735 448 188 823 304 0 189 76 0 230 850 373 973 256 0 57 856 686 895 667 287 0 0 772 54 76 67 0 0 23 258 301 0 299 591 0 0 772 75 443 0 0
976 12 465 205 452 0 337 0 383 798 523 0 0 441 240 557 850 0 272 0 0 11 0 362 145 369 389 230 191 45 608 155 0 341 303 602 305 0 0 519 0 686 875 299 78 0 693 0 0 742 0 718 781 1000 492 805 0 0 0 379 928 858 278 696 0 332 548 0 709 0 925 317 630 710 71 770 807 150 171 775 53 211 236 275 121 0 156 719 0 13 299 0 929 3 504 0 746 0 689 134
93 0 0 0 639 533 614 431 845 787 0 397 964 0 374 641 804 577 147 588 0 986 167 588 0 151 0 829 447 679 465 211 0 65 0 343 809 0 842 97 558 0 980 582 264 782 959 0 426 360 428 995 428 793 0 0 47 0 775 34 0 484 384 0 749 77 0 0 109 366 639 0 504 642 0 209 196 25 991 543 0 376 131 980 0 210 777 0 0 630 591 929 0 929 858 0 0 313 756 506
548 0 0 0 0 258 0 749 932 521 360 418 469 675 0 749 0 437 610 0 0 0 70 192 0 200 347 838 0 0 0 264 305 146 0 332 597 769 101 0 112 514 699 849 457 842 359 0 836 321 0 52 966 339 611 152 616 73 314 0 567 78 0 8 962 0 186 0 116 0 800 880 883 888 861 142 0 0 0 476 857 0 0 81 205 0 496 712 711 0 0 3 929 0 32 419 0 402 82 448
0 193 0 0 946 849 204 984 678 414 677 892 0 980 525 456 0 907 138 71 0 0 839 828 0 128 324 0 100 692 0 125 0 703 816 0 513 834 698 806 0 615 197 81 998 121 746 459 261 894 578 578 309 312 948 0 0 375 0 361 948 0 839 0 0 93 353 655 742 648 407 0 0 880 90 182 255 0 855 531 749 971 786 379 671 172 874 270 228 181 0 504 858 32 0 410 567 0 0 0
241 616 76 912 92 0 0 0 955 0 0 953 648 68 480 140 0 190 492 865 864 0 0 565 0 488 325 0 153 91 279 100 284 364 178 527 0 751 0 0 0 740 577 62 921 0 614 623 436 0 0 0 0 0 255 579 0 0 296 398 269 0 554 564 649 813 36 0 895 702 275 867 879 597 0 0 0 690 0 242 628 0 86 76 0 0 181 0 149 802 772 0 0 419 410 0 608 0 978 538
365 45 0 48 974 912 619 212 874 0 0 0 261 170 652 702 0 523 897 0 696 625 322 143 609 132 867 354 331 324 0 0 185 642 0 649 39 689 55 396 837 0 0 0 468 610 839 0 0 823 582 0 318 18 407 117 0 825 249 681 200 749 451 224 765 997 461 0 851 403 797 108 0 294 0 476 0 18 0 348 0 0 0 784 454 709 0 0 2 907 75 746 0 0 567 608 0 22 0 0
353 119 474 954 613 633 681 0 722 241 398 396 370 790 0 816 212 355 961 608 0 313 609 153 0 896 795 660 900 0 316 95 606 20 125 0 216 309 725 622 764 865 688 370 58 0 269 758 0 43 0 824 336 180 785 0 807 198 233 109 91 798 0 212 0 760 129 809 276 0 842 0 0 838 0 382 76 820 899 616 454 475 735 922 689 583 150 493 762 905 443 0 313 402 0 0 22 0 626 58
822 0 0 192 781 0 178 293 815 419 0 249 943 407 300 784 984 481 381 34 598 0 0 504 952 769 552 0 219 0 788 654 894 33 796 359 484 758 0 579 955 530 0 0 0 298 985 991 0 369 0 0 4 980 609 994 0 204 0 628 639 693 984 762 283 555 0 0 123 344 418 0 0 0 272 89 840 822 502 0 772 241 663 0 0 0 0 394 970 340 0 689 756 82 0 978 0 626 0 314
911 778 450 697 0 354 462 984 0 858 129 968 0 221 821 0 451 524 0 541 664 711 182 0 0 744 161 0 0 0 0 435 0 0 0 0 886 944 0 11 0 903 25 386 891 670 670 509 382 588 0 634 468 968 547 543 162 0 825 670 249 318 296 257 0 16 0 198 213 0 726 199 414 407 204 0 0 0 835 0 48 828 0 516 944 932 434 634 0 866 0 134 506 448 0 538 0 58 314 0
