150
0 158 395 889 0 237 353 182 110 262 488 556 761 982 564 779 856 847 250 860 559 989 778 554 616 174 0 709 142 939 0 586 749 0 252 754 636 258 574 847 361 620 545 809 0 678 834 803 567 0 0 0 0 135 603 140 0 641 0 603 383 825 940 936 970 771 156 452 389 887 784 635 227 772 0 77 0 0 0 821 0 256 0 489 205 50 0 812 180 745 0 206 0 620 439 93 81 693 114 716 592 509 0 253 254 0 254 66 844 441 0 497 393 641 203 0 887 774 0 731 296 290 0 3 0 227 0 966 0 573 0 0 97 0 585 938 0 190 767 562 147 0 0 951 0 230 14 113 0 206 
158 0 569 765 403 0 0 723 328 28 163 0 275 0 394 0 175 213 983 399 109 604 65 379 182 626 77 819 65 836 0 677 953 0 246 294 0 188 885 0 563 0 173 425 633 677 381 155 378 168 509 855 615 0 86 974 286 0 390 182 418 0 308 913 0 0 410 534 716 888 861 0 938 205 721 493 0 736 38 813 91 446 0 550 0 127 803 437 0 679 920 0 0 0 0 407 0 765 73 476 470 969 692 289 173 0 0 494 362 467 0 0 0 0 478 113 138 0 0 419 65 580 0 462 842 113 384 0 460 745 0 666 0 671 310 283 0 858 428 590 0 551 515 0 0 0 348 375 0 16 
395 569 0 0 547 234 780 430 802 832 821 173 7 0 488 979 652 240 0 997 668 0 916 190 348 0 532 862 0 483 445 488 162 54 18 6 654 90 980 624 125 0 15 842 529 0 732 807 0 0 0 384 451 605 119 0 628 0 0 696 514 0 748 0 0 229 349 0 354 0 885 563 0 626 481 222 574 0 0 915 775 530 661 0 0 0 563 0 285 228 909 845 902 403 461 540 150 323 576 350 0 0 169 222 700 0 0 442 0 646 774 0 208 0 0 81 0 500 0 61 390 0 658 951 459 721 921 411 456 0 639 0 577 49 889 740 120 0 852 362 894 334 885 579 0 46 0 0 819 0 
889 765 0 0 791 902 232 321 838 87 0 852 56 306 0 582 660 49 962 0 303 567 0 0 0 836 0 37 536 768 0 0 0 107 562 517 990 201 965 0 0 518 589 0 98 927 0 0 837 86 53 0 24 846 14 174 265 999 186 675 87 831 0 262 725 0 261 138 476 0 0 0 842 0 421 876 0 234 609 530 0 0 764 0 0 0 0 614 0 0 478 772 837 504 682 0 0 864 0 622 0 570 0 787 0 0 0 312 378 747 0 0 888 247 695 350 416 477 0 860 249 491 945 0 379 0 669 0 0 0 94 615 102 379 887 335 50 0 0 0 728 492 298 994 581 0 881 654 392 0 
0 403 547 791 0 745 0 473 849 0 31 663 939 324 920 148 595 603 232 430 888 939 450 0 686 0 0 0 626 227 972 225 457 0 409 504 824 939 670 172 21 412 598 0 0 0 227 957 355 0 183 264 921 785 820 35 722 627 62 706 200 825 471 623 0 977 0 0 429 0 349 864 63 0 0 153 206 0 263 813 0 0 486 0 783 0 853 469 445 137 0 0 498 0 985 0 355 0 412 239 240 0 0 822 291 539 0 0 839 0 670 0 889 841 0 548 0 0 887 405 158 715 0 576 8 102 173 0 0 760 444 590 743 356 19 800 787 0 846 928 36 1 297 195 390 0 888 705 734 939 
237 0 234 902 745 0 943 45 962 0 679 0 795 746 71 1000 65 0 0 0 0 239 610 679 420 656 806 20 507 957 735 744 0 0 0 0 810 157 927 0 966 38 233 729 0 523 130 945 179 232 0 104 0 0 483 0 438 47 798 739 738 0 92 274 376 0 916 188 88 0 610 81 669 0 605 264 0 68 0 376 188 902 0 923 118 364 895 0 698 0 0 531 0 83 0 921 844 78 935 0 740 0 988 0 0 0 343 0 0 0 841 0 0 0 654 0 528 417 0 402 919 0 0 692 613 0 812 666 0 277 0 803 929 0 0 0 803 0 0 923 271 774 231 2 561 69 733 83 519 999 
353 0 780 232 0 943 0 137 198 0 305 484 550 619 554 525 499 0 582 0 209 0 917 702 508 125 0 0 329 190 684 776 0 11 968 257 0 688 244 0 787 629 457 0 0 911 0 0 203 326 0 903 910 8 204 147 0 180 612 86 0 733 147 0 239 0 316 38 0 907 220 136 606 272 0 587 153 929 704 27 28 945 0 297 0 0 218 0 0 570 106 0 871 516 158 436 350 0 28 0 450 528 0 986 268 0 969 989 642 700 0 902 0 773 15 0 477 515 0 607 790 0 0 0 0 464 789 782 319 0 297 0 0 685 690 104 445 573 0 193 561 0 0 412 195 211 228 359 609 494 
182 723 430 321 473 45 137 0 720 0 0 165 628 0 120 919 953 0 897 658 0 955 273 989 432 685 609 0 0 93 0 856 372 0 980 5 0 0 480 0 0 204 0 0 0 904 0 819 0 0 0 55 757 711 754 0 0 0 0 390 0 0 784 0 837 486 0 370 633 418 517 421 569 106 0 689 866 507 941 254 446 995 0 326 616 47 0 414 970 0 773 948 886 825 0 315 346 964 40 731 860 670 553 184 250 10 676 187 104 0 692 705 498 717 894 0 0 0 0 190 394 0 0 288 438 104 76 654 0 985 96 940 374 0 0 0 789 204 373 112 139 835 663 0 124 819 0 548 0 0 
110 328 802 838 849 962 198 720 0 749 296 0 853 386 0 0 123 849 475 0 575 0 911 281 0 310 819 293 375 440 0 0 337 135 21 0 301 0 88 0 0 246 450 154 0 0 389 580 527 0 699 13 94 637 0 202 532 0 211 156 636 953 0 765 761 235 0 719 977 0 947 0 0 838 563 727 589 973 0 570 360 550 51 0 573 777 359 510 0 0 913 391 277 838 321 453 846 550 0 747 0 152 0 46 676 469 39 32 0 596 190 0 0 904 0 519 0 0 0 275 594 712 208 79 91 0 423 226 318 647 0 0 115 934 356 0 428 26 610 517 0 587 0 0 303 83 0 112 386 0 
262 28 832 87 0 0 0 0 749 0 645 347 283 0 0 431 0 608 0 436 677 380 652 946 47 402 0 0 120 923 56 0 244 0 0 390 156 929 691 125 644 786 651 519 464 734 0 0 783 567 295 722 0 306 0 588 86 677 143 723 995 605 454 202 157 737 787 0 0 152 197 993 0 420 120 242 608 582 700 0 431 433 0 0 911 0 683 0 835 140 0 0 0 0 17 895 0 816 43 0 939 790 970 139 0 0 39 238 0 412 139 655 961 292 0 0 481 0 0 73 664 0 0 0 155 0 6 736 263 648 940 745 458 0 0 950 433 0 880 116 226 0 598 0 837 859 0 903 316 752 
488 163 821 0 31 679 305 0 296 645 0 587 336 616 555 243 0 0 974 663 524 256 67 553 83 0 535 609 438 357 361 0 607 736 688 452 526 442 0 0 0 500 675 323 0 365 0 64 511 242 0 55 0 536 539 588 106 542 597 0 105 0 481 436 426 0 0 808 0 314 289 0 443 165 871 821 423 727 487 374 0 836 57 309 120 640 439 895 0 0 0 459 164 2 560 0 616 115 0 446 97 0 0 913 0 0 558 839 209 941 0 0 611 0 436 991 0 781 0 771 521 368 870 832 432 273 762 443 230 0 625 79 568 960 943 469 604 0 171 739 997 0 61 496 546 580 423 0 0 130 
556 0 173 852 663 0 484 165 0 347 587 0 0 0 0 163 0 0 0 391 0 0 1 0 807 0 84 0 753 181 540 969 234 0 0 941 0 0 0 243 53 0 0 0 339 0 637 89 702 0 0 0 0 516 877 0 0 0 21 348 0 0 0 319 1000 821 0 0 295 0 0 114 611 0 966 0 697 0 693 254 341 974 756 549 726 0 243 0 0 232 0 0 262 725 0 959 0 508 250 0 401 0 149 0 871 438 610 11 0 888 953 94 0 545 907 0 737 0 755 588 0 316 330 668 0 0 660 35 938 0 7 318 554 657 143 0 104 481 908 438 68 389 637 654 435 497 0 0 0 61 
761 275 7 56 939 795 550 628 853 283 336 0 0 580 418 318 0 436 876 677 948 114 780 0 501 355 0 0 745 878 377 788 0 529 124 133 446 281 152 0 575 0 312 793 970 260 282 434 188 0 817 577 697 775 0 995 844 723 0 690 869 0 356 0 610 0 764 0 582 0 442 0 0 53 0 905 278 585 439 47 555 0 578 203 380 71 0 0 453 0 566 520 0 527 474 873 810 0 0 124 223 670 83 715 0 575 781 953 781 148 960 818 434 0 763 0 892 718 0 183 0 794 886 192 190 161 304 882 156 847 463 0 795 296 477 134 0 894 813 139 0 685 320 675 343 0 0 507 870 0 
982 0 0 306 324 746 619 0 386 0 616 0 580 0 0 0 557 220 838 180 0 0 102 787 845 0 116 826 225 737 883 0 255 0 0 47 0 366 901 66 931 398 96 278 635 522 661 0 0 275 224 352 376 0 0 10 0 0 0 984 889 125 0 792 179 265 267 0 222 29 420 839 385 422 0 489 916 0 684 777 789 0 0 343 648 0 149 544 451 0 97 314 0 510 287 0 312 523 346 713 8 321 427 894 0 363 889 872 0 0 75 0 211 278 358 0 961 0 268 411 0 0 0 85 286 0 120 395 0 0 396 310 250 693 228 0 525 0 669 0 969 559 0 0 0 322 189 591 164 0 
564 394 488 0 920 71 554 120 0 0 555 0 418 0 0 0 196 0 539 726 422 984 0 469 37 504 230 524 76 922 642 632 0 309 0 918 983 872 0 731 505 829 0 0 0 994 0 131 0 489 802 0 132 720 914 207 493 575 573 987 381 970 30 0 426 0 276 564 0 415 226 193 207 0 350 0 326 0 260 87 490 0 345 0 924 945 569 718 250 758 106 0 738 289 445 151 852 50 232 662 0 396 814 437 560 47 865 980 846 528 0 467 308 268 0 908 303 812 195 0 819 0 213 494 525 904 175 0 331 638 958 0 0 149 73 257 936 604 711 77 606 88 857 934 0 0 992 0 580 0 
779 0 979 582 148 1000 525 919 0 431 243 163 318 0 0 0 796 965 240 21 0 721 16 0 0 267 0 20 0 521 0 363 423 0 527 0 0 445 602 362 838 347 0 603 0 982 415 0 0 554 0 703 51 563 0 980 315 156 435 133 80 0 0 0 358 0 0 0 0 0 0 431 952 1000 843 0 603 517 701 0 799 757 861 287 0 0 422 212 534 935 758 0 138 216 0 0 110 489 736 830 323 709 73 616 683 137 213 0 0 0 0 0 644 679 459 0 52 237 851 119 0 0 514 0 829 0 643 452 68 562 0 0 503 780 0 0 28 427 779 4 0 508 913 541 267 0 0 617 924 323 
856 175 652 660 595 65 499 953 123 0 0 0 0 557 196 796 0 242 0 0 0 0 0 0 0 654 597 346 0 246 456 0 0 127 0 567 0 830 613 685 0 0 283 521 0 384 0 735 938 0 999 36 847 0 374 427 503 354 0 0 604 0 639 0 0 852 947 0 147 134 0 0 0 140 750 0 935 0 788 0 388 236 81 238 646 965 5 801 671 993 0 0 553 993 0 0 0 411 980 308 647 643 898 520 203 0 616 36 11 656 334 518 795 552 790 0 0 0 438 972 541 517 0 382 881 770 304 9 649 0 0 0 918 521 394 215 981 423 84 884 589 455 730 0 0 191 576 443 148 969 
847 213 240 49 603 0 0 0 849 608 0 0 436 220 0 965 242 0 0 316 56 726 513 896 320 0 0 0 447 0 59 569 819 0 187 106 3 0 844 72 167 604 953 673 590 740 300 687 316 193 0 277 222 764 586 0 178 0 0 788 0 0 397 527 0 369 0 2 107 972 555 0 0 930 0 0 0 600 124 939 971 877 362 356 554 44 119 189 0 0 0 608 784 263 288 243 811 293 0 0 981 480 194 956 755 809 289 275 501 0 914 0 504 802 0 363 0 0 494 905 0 0 219 600 0 686 108 731 538 0 817 0 0 907 692 460 0 538 888 244 582 127 309 0 583 990 0 0 87 601 
250 983 0 962 232 0 582 897 475 0 974 0 876 838 539 240 0 0 0 0 15 897 566 0 382 0 0 210 0 0 41 833 169 0 853 301 660 735 620 372 660 196 438 918 359 0 484 619 187 190 786 727 214 540 610 697 194 709 188 470 0 291 0 598 374 743 201 151 118 0 0 0 436 176 24 0 174 0 467 759 0 915 664 928 0 137 0 280 868 725 312 309 428 440 945 15 629 877 381 194 0 0 702 0 0 0 609 845 179 123 737 353 996 451 419 143 757 842 728 389 774 286 599 768 391 955 779 0 0 567 332 876 191 689 878 868 513 556 981 890 998 0 0 971 442 0 958 0 308 951 
860 399 997 0 430 0 0 658 0 436 663 391 677 180 726 21 0 316 0 0 946 129 43 940 545 763 78 313 634 289 140 625 59 180 809 958 998 333 0 416 0 122 0 0 504 0 0 0 440 136 0 426 167 0 0 863 176 323 791 823 882 0 606 699 913 0 57 587 446 647 845 1000 748 737 292 0 0 62 871 408 640 0 0 814 648 0 611 0 134 653 597 478 0 514 123 481 273 0 294 681 426 0 958 388 559 321 884 895 988 480 0 497 671 911 195 574 0 89 596 0 0 256 727 101 0 62 391 573 0 994 241 0 441 912 0 0 0 625 911 0 476 2 271 0 34 401 462 0 528 948 
559 109 668 303 888 0 209 0 575 677 524 0 948 0 422 0 0 56 15 946 0 607 915 558 570 0 562 694 488 335 439 510 325 857 561 753 129 672 0 192 438 0 0 612 118 0 0 0 509 316 814 101 0 957 537 878 589 109 0 0 53 0 0 438 99 798 0 220 0 0 0 928 0 0 286 740 0 0 369 558 0 415 239 989 155 713 689 0 585 0 966 389 0 0 0 0 48 633 867 0 582 206 158 0 610 0 26 0 0 80 382 594 0 0 936 481 655 55 891 584 354 0 0 850 556 0 332 551 0 0 0 342 0 857 151 0 381 0 87 116 947 0 38 488 417 883 677 718 38 822 
989 604 0 567 939 239 0 955 0 380 256 0 114 0 984 721 0 726 897 129 607 0 931 0 650 390 889 75 299 796 739 765 0 478 0 242 341 34 942 425 921 752 0 0 678 0 151 806 208 458 170 0 790 964 0 289 625 0 347 256 839 263 0 989 432 806 556 0 670 810 399 0 631 177 256 623 140 564 575 0 0 718 995 0 0 767 915 233 0 0 910 0 0 0 6 650 924 0 164 54 0 0 2 588 0 129 813 380 0 0 425 0 70 0 341 554 0 0 584 128 926 0 609 854 0 806 0 24 879 947 497 438 407 380 0 498 743 309 412 0 0 314 0 606 0 984 0 458 879 88 
778 65 916 0 450 610 917 273 911 652 67 1 780 102 0 16 0 513 566 43 915 931 0 792 0 31 0 0 158 0 833 991 596 0 892 774 659 578 372 0 541 48 148 0 218 349 163 60 399 25 852 158 619 731 763 978 897 611 762 44 703 113 857 654 368 819 776 487 117 587 297 0 505 0 0 206 610 0 82 865 263 55 711 0 33 0 0 158 516 280 0 96 518 115 0 395 0 391 146 752 888 0 0 925 431 0 475 832 481 24 0 726 582 71 225 588 751 366 0 0 171 65 603 172 929 662 37 62 590 385 657 668 419 604 822 0 746 0 349 0 418 364 0 0 0 0 209 214 252 320 
554 379 190 0 0 679 702 989 281 946 553 0 0 787 469 0 0 896 0 940 558 0 792 0 0 540 22 646 703 22 313 63 0 393 0 685 798 192 0 870 0 334 132 0 928 653 0 0 692 629 676 488 827 760 0 0 568 162 582 68 628 581 0 0 282 925 117 0 687 0 59 0 0 447 0 418 643 856 332 176 891 776 0 992 405 375 0 0 0 0 609 0 828 874 942 0 506 451 991 267 261 896 0 519 0 999 0 830 336 71 61 281 170 0 0 128 0 0 0 329 422 0 249 0 699 0 520 0 458 527 334 0 76 606 971 242 158 254 536 770 595 901 648 0 735 421 897 662 151 837 
616 182 348 0 686 420 508 432 0 47 83 807 501 845 37 0 0 320 382 545 570 650 0 0 0 587 19 0 983 562 966 696 330 715 888 424 930 9 0 828 0 237 0 364 814 0 604 0 0 0 725 318 0 288 0 866 0 542 0 545 0 865 0 468 804 0 54 440 688 621 0 929 940 796 0 231 582 0 320 747 0 527 661 0 839 893 247 405 467 0 11 410 638 0 0 0 0 0 209 63 236 151 198 672 0 0 0 0 84 0 898 0 370 616 284 140 118 376 580 644 174 350 0 596 331 0 918 919 578 0 295 460 0 0 322 0 791 383 0 176 748 0 284 928 119 0 0 727 0 793 
174 626 0 836 0 656 125 685 310 402 0 0 355 0 504 267 654 0 0 763 0 390 31 540 587 0 455 0 803 0 908 480 155 371 267 893 519 0 0 8 409 477 414 598 472 0 589 397 872 0 393 0 333 529 0 129 0 768 0 0 577 231 37 509 0 995 0 435 604 668 230 0 618 646 172 346 160 998 0 29 988 0 464 0 0 634 819 136 572 742 300 791 397 717 362 484 788 492 475 328 292 0 922 54 454 531 388 0 64 599 579 661 158 0 362 911 758 0 0 0 936 515 0 534 0 491 0 0 0 130 0 76 637 240 0 0 930 0 506 450 187 134 527 526 0 671 0 112 292 0 
0 77 532 0 0 806 0 609 819 0 535 84 0 116 230 0 597 0 0 78 562 889 0 22 19 455 0 288 0 57 39 978 0 0 754 0 671 0 730 0 0 0 0 112 372 738 544 0 604 245 272 586 318 280 999 866 533 357 0 0 0 0 750 966 391 560 0 205 498 0 0 172 139 915 505 575 503 198 760 0 190 0 27 0 824 431 986 0 597 988 0 366 0 825 610 821 0 0 613 323 73 64 152 906 795 83 0 879 0 431 655 584 687 0 397 718 0 0 866 467 0 751 585 0 971 349 928 764 130 584 967 0 0 0 457 53 502 0 0 445 54 518 0 756 26 0 790 807 910 283 
709 819 862 37 0 20 0 0 293 0 609 0 0 826 524 20 346 0 210 313 694 75 0 646 0 0 288 0 417 412 373 795 286 0 0 256 0 0 0 0 928 633 0 469 921 149 124 592 734 667 157 382 859 543 796 0 0 0 0 0 384 889 0 684 26 0 638 343 194 0 69 0 693 112 455 986 204 163 674 0 621 973 672 962 969 946 227 483 138 207 23 910 269 548 182 228 707 715 347 0 748 0 599 913 0 749 376 122 499 0 542 250 158 0 797 192 0 0 356 0 481 0 448 0 54 472 0 0 0 537 954 961 29 406 0 0 0 396 0 928 376 409 727 554 444 0 371 229 302 906 
142 65 0 536 626 507 329 0 375 120 438 753 745 225 76 0 0 447 0 634 488 299 158 703 983 803 0 417 0 820 0 0 481 384 221 0 0 881 0 167 0 799 947 912 927 347 836 0 70 987 0 961 0 598 961 644 0 448 905 0 857 0 227 0 74 0 867 636 851 212 100 346 867 791 445 270 0 0 181 0 77 715 826 0 409 557 56 420 685 631 0 435 815 0 179 904 159 883 43 765 0 0 530 454 530 735 735 724 296 636 0 540 0 797 896 349 435 350 0 0 639 0 0 170 161 571 0 0 999 657 311 905 0 960 0 753 846 0 237 172 0 432 555 959 0 374 644 831 565 0 
939 836 483 768 227 957 190 93 440 923 357 181 878 737 922 521 246 0 0 289 335 796 0 22 562 0 57 412 820 0 446 28 550 436 0 0 497 0 337 181 644 0 0 39 82 711 151 163 0 117 776 604 0 671 653 0 595 920 146 0 811 438 0 814 385 0 0 0 906 0 0 33 473 994 811 0 0 264 0 902 560 744 0 573 792 268 0 0 61 393 878 0 74 752 930 758 0 250 860 351 0 352 865 402 578 360 0 968 0 203 0 0 649 361 359 329 84 29 478 0 0 119 0 364 978 748 644 608 0 163 865 958 872 489 441 764 622 235 304 20 584 266 699 0 331 0 612 161 424 11 
0 0 445 0 972 735 684 0 0 56 361 540 377 883 642 0 456 59 41 140 439 739 833 313 966 908 39 373 0 446 0 0 532 165 157 0 863 151 0 902 311 59 0 101 188 982 0 7 220 612 0 945 0 776 976 576 0 0 617 843 0 0 616 0 570 0 66 860 0 57 65 0 759 0 97 0 159 0 0 0 673 556 78 178 54 0 0 0 0 345 822 248 299 495 0 210 65 838 0 693 960 599 461 0 112 859 960 0 306 900 0 0 615 900 310 364 417 449 204 993 0 0 0 0 0 626 0 859 920 0 468 496 73 615 0 808 0 700 443 799 432 0 316 822 333 236 0 0 185 0 
586 677 488 0 225 744 776 856 0 0 0 969 788 0 632 363 0 569 833 625 510 765 991 63 696 480 978 795 0 28 0 0 456 254 600 0 511 0 960 317 485 75 477 198 284 434 761 971 203 600 0 913 345 0 0 379 801 214 592 257 0 598 929 409 0 823 305 911 529 155 39 0 0 0 406 761 280 355 0 66 760 872 602 438 673 44 959 400 120 682 295 0 0 0 216 331 385 0 629 521 0 913 469 0 0 0 667 519 231 910 0 247 0 339 640 217 509 391 0 795 353 0 685 284 888 569 748 0 0 0 529 0 0 226 408 0 217 925 348 0 283 989 0 0 543 846 855 719 0 946 
749 953 162 0 457 0 0 372 337 244 607 234 0 255 0 423 0 819 169 59 325 0 596 0 330 155 0 286 481 550 532 456 0 0 355 51 187 13 248 917 932 623 0 277 0 0 941 0 0 755 796 149 266 710 0 536 238 573 310 857 397 221 776 0 528 347 648 339 856 570 0 0 0 588 506 0 935 621 0 228 0 538 0 293 0 961 0 0 196 206 684 431 0 0 920 106 0 0 875 726 343 741 577 0 14 373 958 384 716 0 20 216 939 781 303 623 0 58 671 943 799 660 185 655 828 0 840 468 813 0 0 0 734 480 60 519 202 600 971 0 623 987 206 694 132 460 391 0 627 0 
0 0 54 107 0 0 11 0 135 0 736 0 529 0 309 0 127 0 0 180 857 478 0 393 715 371 0 0 384 436 165 254 0 0 901 567 240 255 536 843 927 252 136 392 375 519 876 683 226 174 615 800 915 0 66 918 417 0 0 0 511 0 758 0 554 20 116 0 621 62 601 0 793 738 886 59 0 394 631 94 933 880 370 643 0 80 645 638 0 925 218 348 702 0 432 0 274 400 304 802 637 0 0 465 213 980 878 0 0 0 0 511 846 903 370 0 773 0 870 754 746 674 722 266 153 368 0 22 0 41 568 731 0 946 459 0 0 771 157 441 0 849 0 595 0 0 0 532 930 459 
252 246 18 562 409 0 968 980 21 0 688 0 124 0 0 527 0 187 853 809 561 0 892 0 888 267 754 0 221 0 157 600 355 901 0 7 742 749 0 365 549 154 525 833 958 0 880 286 0 890 748 522 0 0 928 118 300 459 112 450 175 0 145 445 0 160 552 999 253 992 415 0 628 0 0 224 883 0 418 0 0 0 163 0 636 803 0 0 983 709 588 0 0 592 253 702 974 202 917 62 783 0 193 70 0 8 401 388 669 629 199 786 0 0 566 0 968 274 452 23 203 596 837 74 237 270 812 0 63 469 396 197 647 716 0 0 222 68 650 976 13 0 148 0 0 0 976 330 0 175 
754 294 6 517 504 0 257 5 0 390 452 941 133 47 918 0 567 106 301 958 753 242 774 685 424 893 0 256 0 0 0 0 51 567 7 0 0 494 0 831 542 0 28 307 941 631 0 933 464 0 400 0 66 0 0 829 0 0 998 0 0 977 528 190 376 0 617 871 326 558 355 370 775 0 727 0 707 26 793 945 0 777 217 256 0 760 0 731 877 956 0 0 0 0 0 101 455 427 0 0 291 869 151 0 0 0 0 730 195 944 626 0 0 510 0 410 0 840 0 132 610 55 0 525 556 746 103 0 848 0 168 0 0 0 908 580 0 391 0 972 797 607 212 407 866 833 326 960 0 795 
636 0 654 990 824 810 0 0 301 156 526 0 446 0 983 0 0 3 660 998 129 341 659 798 930 519 671 0 0 497 863 511 187 240 742 0 0 0 650 331 0 476 0 638 995 530 670 0 907 10 0 0 72 636 978 374 0 371 474 0 534 691 0 546 0 0 496 83 924 0 213 677 724 930 578 0 595 743 283 642 729 310 0 727 915 306 868 764 827 0 65 891 0 189 752 319 613 76 64 250 0 326 644 783 193 495 240 637 989 159 108 0 445 174 785 341 56 0 0 153 695 19 726 725 0 0 155 594 758 0 271 425 60 108 286 802 66 812 0 615 579 0 306 352 203 421 993 311 0 72 
258 188 90 201 939 157 688 0 0 929 442 0 281 366 872 445 830 0 735 333 672 34 578 192 9 0 0 0 881 0 151 0 13 255 749 494 0 0 302 185 503 653 0 0 766 487 467 0 0 0 452 767 443 665 0 485 440 0 170 0 394 7 0 214 919 912 871 918 635 0 70 534 652 349 0 889 0 0 941 0 0 135 494 597 891 638 734 324 0 528 386 281 702 828 821 527 167 208 956 134 685 785 942 15 0 722 292 347 0 0 680 438 268 0 0 652 608 125 733 503 771 840 271 228 842 0 193 0 127 107 0 0 0 977 251 393 349 397 0 0 0 0 0 381 917 132 184 25 803 0 
574 885 980 965 670 927 244 480 88 691 0 0 152 901 0 602 613 844 620 0 0 942 372 0 0 0 730 0 0 337 0 960 248 536 0 0 650 302 0 0 0 0 721 0 776 0 0 0 225 0 0 0 412 105 54 369 690 0 102 276 0 0 467 309 0 994 0 390 545 0 0 832 0 0 0 353 244 578 0 0 477 451 834 748 85 384 503 793 280 0 816 105 992 264 761 0 138 193 739 141 0 977 655 921 0 0 28 455 910 0 201 0 864 763 0 946 549 0 0 0 0 780 83 226 383 190 0 0 0 575 0 0 352 594 810 0 553 30 0 0 0 411 0 0 241 222 45 621 348 0 
847 0 624 0 172 0 0 0 0 125 0 243 0 66 731 362 685 72 372 416 192 425 0 870 828 8 0 0 167 181 902 317 917 843 365 831 331 185 0 0 110 52 758 0 669 853 545 0 0 430 0 377 0 530 0 0 0 571 595 112 0 435 985 733 168 0 975 0 0 170 336 0 0 473 358 464 31 0 209 944 427 142 563 352 0 633 275 950 0 159 0 361 0 32 0 690 265 782 0 475 0 0 440 0 0 723 211 372 468 451 655 0 56 583 149 722 650 0 0 0 0 44 0 451 372 446 0 0 361 226 216 0 211 588 964 0 850 0 0 26 864 0 681 354 68 419 0 0 0 603 
361 563 125 0 21 966 787 0 0 644 0 53 575 931 505 838 0 167 660 0 438 921 541 0 0 409 0 928 0 644 311 485 932 927 549 542 0 503 0 110 0 0 217 199 0 0 0 254 466 49 0 0 936 548 39 877 306 842 970 398 69 832 821 0 43 525 108 162 0 921 0 750 923 163 0 847 985 320 130 0 331 645 525 307 614 0 862 0 0 0 0 178 0 486 168 470 0 703 498 69 456 198 787 689 973 264 346 949 816 886 204 803 881 758 860 237 200 147 856 0 610 146 0 901 526 794 35 134 0 565 407 42 415 0 0 266 861 0 902 320 0 565 719 73 200 0 809 451 616 0 
620 0 0 518 412 38 629 204 246 786 500 0 0 398 829 347 0 604 196 122 0 752 48 334 237 477 0 633 799 0 59 75 623 252 154 0 476 653 0 52 0 0 312 0 423 0 0 0 0 0 42 3 955 653 0 533 0 574 0 0 790 558 923 130 0 159 0 703 0 0 462 0 70 0 597 725 146 266 104 543 871 936 943 679 593 158 909 292 778 742 664 95 306 0 204 0 268 790 924 985 0 0 0 972 320 976 0 149 778 267 617 594 831 803 0 462 740 583 687 298 0 110 605 546 141 739 255 627 490 929 894 643 753 0 0 0 983 0 178 601 342 708 0 0 180 405 344 0 882 0 
545 173 15 589 598 233 457 0 450 651 675 0 312 96 0 0 283 953 438 0 0 0 148 132 0 414 0 0 947 0 0 477 0 136 525 28 0 0 721 758 217 312 0 61 0 300 786 848 0 854 0 0 0 724 908 297 684 0 989 0 181 72 0 492 912 208 12 0 0 805 260 589 519 94 0 0 0 0 0 0 0 669 172 606 0 0 519 0 276 792 944 0 5 394 0 468 100 468 397 0 0 626 0 708 789 0 811 338 22 413 45 321 929 334 0 600 0 0 16 331 0 0 217 570 0 656 0 0 88 0 0 482 127 13 708 861 0 921 634 981 115 489 0 318 0 981 957 0 746 259 
809 425 842 0 0 729 0 0 154 519 323 0 793 278 0 603 521 673 918 0 612 0 0 0 364 598 112 469 912 39 101 198 277 392 833 307 638 0 0 0 199 0 61 0 778 623 0 0 904 805 766 0 0 842 309 766 0 0 735 259 57 47 980 0 63 21 936 464 901 0 916 116 0 976 0 844 0 0 892 0 852 0 723 641 0 708 916 597 957 75 574 130 0 821 0 162 613 39 995 0 221 553 406 842 791 990 374 200 241 608 594 0 784 457 0 353 759 772 0 0 0 681 612 676 455 0 696 413 748 423 186 56 491 657 632 615 0 590 659 825 25 585 288 90 0 200 598 0 62 121 
0 633 529 98 0 0 0 0 0 464 0 339 970 635 0 0 0 590 359 504 118 678 218 928 814 472 372 921 927 82 188 284 0 375 958 941 995 766 776 669 0 423 0 778 0 601 803 22 0 0 524 691 125 796 0 784 555 272 13 291 490 394 17 154 932 851 233 0 0 52 156 0 6 0 0 0 763 774 782 779 244 379 0 0 138 0 894 335 0 826 343 492 0 639 551 652 448 66 675 598 8 515 519 816 0 0 452 47 657 522 461 837 0 231 0 856 508 234 352 503 817 0 0 558 677 0 0 873 0 451 0 0 414 787 0 784 888 0 0 129 183 176 0 927 0 0 530 0 313 234 
678 677 0 927 0 523 911 904 0 734 365 0 260 522 994 982 384 740 0 0 0 0 349 653 0 0 738 149 347 711 982 434 0 519 0 631 530 487 0 853 0 0 300 623 601 0 0 0 837 163 0 0 854 0 0 308 750 808 46 701 741 835 477 0 0 37 0 0 0 912 681 219 736 0 31 714 997 506 30 0 0 412 0 641 912 35 0 24 75 953 578 319 956 0 960 982 0 953 337 270 990 0 783 516 0 0 921 0 942 874 478 301 0 329 774 0 66 0 0 0 0 323 0 0 241 297 378 421 0 0 584 0 0 0 913 0 0 0 0 691 314 329 334 169 258 839 319 0 750 677 
834 381 732 0 227 130 0 0 389 0 0 637 282 661 0 415 0 300 484 0 0 151 163 0 604 589 544 124 836 151 0 761 941 876 880 0 670 467 0 545 0 0 786 0 803 0 0 550 306 679 722 330 0 0 754 577 0 0 648 283 0 825 557 153 0 94 0 743 0 421 0 404 921 0 129 704 252 0 492 286 0 0 0 511 0 0 0 0 694 673 198 110 265 60 0 540 247 690 563 0 269 319 400 621 0 14 984 133 0 0 772 851 0 0 433 849 283 0 358 0 614 25 0 22 122 0 474 0 0 388 260 653 273 665 463 327 66 905 0 378 249 237 0 409 77 325 0 0 0 344 
803 155 807 0 957 945 0 819 580 0 64 89 434 0 131 0 735 687 619 0 0 806 60 0 0 397 0 592 0 163 7 971 0 683 286 933 0 0 0 0 254 0 848 0 22 0 550 0 35 0 658 939 518 723 696 301 576 446 575 354 0 253 925 0 55 743 160 0 0 0 818 0 0 672 0 508 757 0 899 508 0 0 0 154 143 466 776 0 512 312 0 0 153 0 646 0 454 0 74 622 0 146 992 0 819 0 989 151 0 981 0 958 0 0 993 223 68 93 0 48 546 120 964 0 832 880 0 822 837 0 0 0 160 0 321 0 0 106 714 267 33 0 896 453 359 463 0 270 369 0 
567 378 0 837 355 179 203 0 527 783 511 702 188 0 0 0 938 316 187 440 509 208 399 692 0 872 604 734 70 0 220 203 0 226 0 464 907 0 225 0 466 0 0 904 0 837 306 35 0 691 0 0 0 872 434 875 861 776 941 750 280 0 507 427 0 0 207 577 910 137 416 87 91 616 752 0 573 0 491 677 0 337 263 0 0 0 61 656 766 0 0 0 0 998 484 395 626 612 859 554 234 960 0 380 197 355 279 145 0 0 55 788 0 611 814 829 281 972 305 474 450 482 930 15 0 0 579 693 574 314 0 414 0 910 0 439 761 742 86 498 800 103 0 786 642 0 0 875 160 0 
0 168 0 86 0 232 326 0 0 567 242 0 0 275 489 554 0 193 190 136 316 458 25 629 0 0 245 667 987 117 612 600 755 174 890 0 10 0 0 430 49 0 854 805 0 163 679 0 691 0 145 638 455 0 0 73 500 17 0 382 366 722 53 0 693 33 721 373 592 0 321 0 201 874 622 273 964 569 434 94 998 986 0 44 0 184 254 259 556 871 702 0 450 283 974 0 858 791 455 12 0 190 141 0 158 505 83 381 37 171 25 691 0 144 746 969 682 451 0 640 828 99 517 562 0 397 180 842 349 409 117 802 0 310 0 381 185 867 981 32 0 0 0 292 495 0 913 364 626 485 
0 509 0 53 183 0 0 0 699 295 0 0 817 224 802 0 999 0 786 0 814 170 852 676 725 393 272 157 0 776 0 0 796 615 748 400 0 452 0 0 0 42 0 766 524 0 722 658 0 145 0 0 986 169 734 0 590 963 0 911 0 202 982 0 553 21 632 271 74 0 0 328 134 468 446 149 0 564 254 0 81 80 0 682 97 629 0 0 679 56 0 0 580 430 521 721 187 0 0 213 0 129 626 869 268 59 1000 0 182 0 732 0 511 976 77 335 755 459 380 0 696 0 180 161 468 925 660 353 751 0 724 671 0 583 1 964 800 135 321 0 629 844 0 320 105 221 754 401 869 679 
0 855 384 0 264 104 903 55 13 722 55 0 577 352 0 703 36 277 727 426 101 0 158 488 318 0 586 382 961 604 945 913 149 800 522 0 0 767 0 377 0 3 0 0 691 0 330 939 0 638 0 0 0 832 992 0 395 0 90 860 0 284 519 0 0 538 119 348 165 179 286 320 203 0 582 150 725 349 657 567 731 160 436 109 0 743 158 0 0 915 598 0 212 99 901 0 849 442 471 0 878 0 0 862 0 483 0 104 108 813 784 0 563 0 147 703 152 590 797 545 999 0 196 86 0 351 1 296 0 105 717 455 357 272 293 445 0 0 293 0 876 0 0 552 390 618 0 122 345 695 
0 615 451 24 921 0 910 757 94 0 0 0 697 376 132 51 847 222 214 167 0 790 619 827 0 333 318 859 0 0 0 345 266 915 0 66 72 443 412 0 936 955 0 0 125 854 0 518 0 455 986 0 0 144 194 777 0 149 989 945 731 364 915 415 254 0 156 377 996 965 423 79 988 913 317 0 0 837 0 269 0 177 125 590 906 227 0 864 697 0 574 190 455 549 0 128 526 0 247 715 145 0 0 930 388 680 0 157 0 714 736 18 201 126 364 20 0 709 934 891 126 839 372 0 0 266 37 191 0 152 757 471 432 535 305 0 478 0 113 0 0 166 0 79 907 0 0 129 403 168 
135 0 605 846 785 0 8 711 637 306 536 516 775 0 720 563 0 764 540 0 957 964 731 760 288 529 280 543 598 671 776 0 710 0 0 0 636 665 105 530 548 653 724 842 796 0 0 723 872 0 169 832 144 0 350 10 0 0 0 415 931 409 866 532 146 65 640 707 686 790 0 0 913 966 671 0 0 154 278 199 389 178 244 17 0 494 709 661 0 622 266 0 733 789 0 677 831 49 0 0 0 165 744 621 0 743 904 0 833 500 696 475 0 787 0 998 0 0 0 49 87 637 0 669 91 0 177 692 487 179 443 505 866 19 0 0 961 0 861 433 909 644 572 549 0 379 0 174 0 31 
603 86 119 14 820 483 204 754 0 0 539 877 0 0 914 0 374 586 610 0 537 0 763 0 0 0 999 796 961 653 976 0 0 66 928 0 978 0 54 0 39 0 908 309 0 0 754 696 434 0 734 992 194 350 0 609 0 397 0 51 335 0 385 698 0 463 789 231 251 659 746 984 14 0 0 293 0 627 556 944 0 0 822 566 585 449 533 775 750 792 858 202 82 15 916 528 457 276 339 131 885 2 75 0 392 427 230 813 0 0 647 885 804 0 381 0 0 160 208 0 136 696 618 422 39 906 910 276 762 0 966 541 47 220 319 591 820 818 0 481 0 437 279 99 0 473 623 393 0 0 
140 974 0 174 35 0 147 0 202 588 588 0 995 10 207 980 427 0 697 863 878 289 978 0 866 129 866 0 644 0 576 379 536 918 118 829 374 485 369 0 877 533 297 766 784 308 577 301 875 73 0 0 777 10 609 0 24 291 0 0 0 409 0 0 799 305 0 863 0 762 866 532 0 370 0 939 911 662 485 75 19 457 501 392 0 306 0 802 716 24 122 615 277 0 697 652 18 0 0 0 149 181 82 0 0 397 487 720 227 159 0 463 949 499 0 0 0 0 0 909 298 557 820 90 0 856 198 396 566 112 173 227 0 0 57 0 777 767 605 469 824 497 0 961 399 0 377 0 600 319 
0 286 628 265 722 438 0 0 532 86 106 0 844 0 493 315 503 178 194 176 589 625 897 568 0 0 533 0 0 595 0 801 238 417 300 0 0 440 690 0 306 0 684 0 555 750 0 576 861 500 590 395 0 0 0 24 0 100 763 0 758 0 0 466 402 321 464 0 45 0 748 0 0 0 673 432 886 561 790 330 422 62 348 823 0 63 0 912 395 613 461 566 635 394 662 487 470 43 527 970 0 66 0 575 164 151 722 667 316 201 0 580 782 0 298 407 0 0 991 779 906 699 327 653 0 750 709 0 0 155 406 824 496 165 219 0 0 745 889 908 777 0 0 783 29 949 525 926 0 828 
641 0 0 999 627 47 180 0 0 677 542 0 723 0 575 156 354 0 709 323 109 0 611 162 542 768 357 0 448 920 0 214 573 0 459 0 371 0 0 571 842 574 0 0 272 808 0 446 776 17 963 0 149 0 397 291 100 0 650 127 935 626 0 84 0 0 523 330 69 0 0 314 824 61 0 165 0 0 0 0 0 11 989 767 0 0 0 357 0 2 459 0 0 497 0 117 867 738 10 456 12 643 548 0 317 0 198 6 4 0 902 819 985 807 0 904 0 996 425 0 142 852 0 0 760 0 627 0 646 0 0 333 945 75 849 0 0 0 724 242 0 0 0 922 247 115 367 511 681 0 
0 390 0 186 62 798 612 0 211 143 597 21 0 0 573 435 0 0 188 791 0 347 762 582 0 0 0 0 905 146 617 592 310 0 112 998 474 170 102 595 970 0 989 735 13 46 648 575 941 0 0 90 989 0 0 0 763 650 0 0 73 250 294 0 479 516 0 21 716 357 28 844 0 821 266 585 673 0 922 502 982 446 38 553 0 766 678 958 0 13 911 575 758 0 145 204 913 0 37 0 915 103 729 864 513 587 540 425 0 142 959 997 776 242 0 0 109 719 871 963 773 504 391 481 0 516 951 0 0 232 462 478 197 0 131 363 0 0 0 780 110 183 0 551 171 0 277 364 826 905 
603 182 696 675 706 739 86 390 156 723 0 348 690 984 987 133 0 788 470 823 0 256 44 68 545 0 0 0 0 0 843 257 857 0 450 0 0 0 276 112 398 0 0 259 291 701 283 354 750 382 911 860 945 415 51 0 0 127 0 0 913 845 0 0 102 719 889 0 888 30 935 937 480 309 970 426 69 0 802 528 0 930 181 870 0 361 390 771 40 44 270 48 9 493 297 663 247 780 213 886 0 0 618 0 182 0 168 18 125 0 575 373 0 384 566 331 149 0 144 395 0 0 218 594 0 401 966 522 429 313 665 277 454 709 23 213 952 982 0 514 5 319 527 0 295 0 863 0 0 448 
383 418 514 87 200 738 0 0 636 995 105 0 869 889 381 80 604 0 0 882 53 839 703 628 0 577 0 384 857 811 0 0 397 511 175 0 534 394 0 0 69 790 181 57 490 741 0 0 280 366 0 0 731 931 335 0 758 935 73 913 0 475 0 0 994 327 0 0 371 0 734 0 624 905 0 782 925 599 920 429 281 624 696 628 980 366 565 351 34 603 755 0 488 588 335 338 0 755 607 0 0 314 105 0 168 363 849 0 166 90 940 352 21 947 460 652 0 411 842 0 258 229 836 0 0 0 842 333 742 118 302 0 452 0 835 166 3 27 971 0 290 360 0 0 1 496 186 0 796 989 
825 0 0 831 825 0 733 0 953 605 0 0 0 125 970 0 0 0 291 0 0 263 113 581 865 231 0 889 0 438 0 598 221 0 0 977 691 7 0 435 832 558 72 47 394 835 825 253 0 722 202 284 364 409 0 409 0 626 250 845 475 0 534 0 31 71 226 0 0 967 233 0 873 997 0 894 0 604 676 349 0 20 0 0 480 322 579 359 0 0 234 279 232 463 552 672 564 523 412 372 574 205 99 0 353 610 102 625 946 62 386 0 2 594 0 0 0 0 567 515 0 0 494 470 198 0 201 647 337 12 943 0 256 173 0 0 0 0 317 76 936 601 0 382 92 588 462 0 442 826 
940 308 748 0 471 92 147 784 0 454 481 0 356 0 30 0 639 397 0 606 0 0 857 0 0 37 750 0 227 0 616 929 776 758 145 528 0 0 467 985 821 923 0 980 17 477 557 925 507 53 982 519 915 866 385 0 0 0 294 0 0 534 0 384 160 0 432 0 773 617 578 0 358 0 839 387 0 385 593 0 200 0 0 590 12 103 142 598 243 0 784 159 220 342 347 0 638 0 0 692 0 783 794 921 63 678 27 553 42 0 0 7 0 217 462 385 793 0 0 0 730 560 216 670 0 600 0 118 603 956 456 360 831 428 423 0 987 638 155 0 549 53 960 150 0 315 492 467 697 333 
936 913 0 262 623 274 0 0 765 202 436 319 0 792 0 0 0 527 598 699 438 989 654 0 468 509 966 684 0 814 0 409 0 0 445 190 546 214 309 733 0 130 492 0 154 0 153 0 427 0 0 0 415 532 698 0 466 84 0 0 0 0 384 0 659 476 569 362 693 0 0 0 478 372 0 68 853 0 610 941 991 891 0 16 401 0 792 0 141 757 173 723 333 146 250 0 804 0 0 0 0 0 0 551 831 0 724 0 433 948 865 248 347 0 676 0 0 717 526 0 0 0 777 573 0 0 602 585 146 3 573 0 856 414 0 283 476 726 961 0 620 0 0 381 0 0 963 275 775 0 
970 0 0 725 0 376 239 837 761 157 426 1000 610 179 426 358 0 0 374 913 99 432 368 282 804 0 391 26 74 385 570 0 528 554 0 376 0 919 0 168 43 0 912 63 932 0 0 55 0 693 553 0 254 146 0 799 402 0 479 102 994 31 160 659 0 0 863 0 537 274 870 793 0 277 583 0 472 55 305 712 0 0 110 783 0 469 0 0 0 0 0 655 0 911 0 545 630 0 178 71 0 0 377 0 0 455 722 551 187 0 273 633 0 348 323 692 0 837 653 0 421 763 457 1000 296 860 355 354 985 0 0 0 27 636 775 144 0 0 888 322 0 569 0 747 190 0 89 0 0 0 
771 0 229 0 977 0 0 486 235 737 0 821 0 265 0 0 852 369 743 0 798 806 819 925 0 995 560 0 0 0 0 823 347 20 160 0 0 912 994 0 525 159 208 21 851 37 94 743 0 33 21 538 0 65 463 305 321 0 516 719 327 71 0 476 0 0 0 372 663 462 0 0 846 116 938 0 0 903 873 809 877 0 692 886 715 345 786 0 962 925 0 966 0 658 455 40 0 890 506 471 427 0 0 224 450 332 7 833 936 592 0 50 532 35 192 0 0 0 433 0 47 456 446 1000 0 0 569 668 221 528 318 355 0 874 576 290 295 325 0 806 0 628 0 694 551 735 830 435 0 656 
156 410 349 261 0 916 316 0 0 787 0 0 764 267 276 0 947 0 201 57 0 556 776 117 54 0 0 638 867 0 66 305 648 116 552 617 496 871 0 975 108 0 12 936 233 0 0 160 207 721 632 119 156 640 789 0 464 523 0 889 0 226 432 569 863 0 0 0 0 983 145 638 188 186 238 180 196 0 920 969 841 0 0 465 687 720 668 892 0 0 356 927 0 482 465 824 0 660 359 22 81 755 372 727 676 680 813 865 44 228 663 324 554 179 0 0 0 298 97 11 0 258 0 825 0 0 286 953 148 693 990 443 309 663 638 539 637 915 828 0 0 13 521 717 0 0 524 620 820 925 
452 534 0 138 0 188 38 370 719 0 808 0 0 0 564 0 0 2 151 587 220 0 487 0 440 435 205 343 636 0 860 911 339 0 999 871 83 918 390 0 162 703 0 464 0 0 743 0 577 373 271 348 377 707 231 863 0 330 21 0 0 0 0 362 0 372 0 0 0 0 0 0 891 0 949 0 678 60 583 713 0 5 681 237 250 12 977 535 194 791 261 0 127 526 92 199 755 43 917 208 298 0 815 0 401 0 300 884 865 0 632 0 893 734 213 55 762 273 825 0 115 484 271 710 256 0 276 773 728 0 715 851 254 574 524 0 817 96 114 0 383 0 168 0 0 488 304 515 896 710 
389 716 354 476 429 88 0 633 977 0 0 295 582 222 0 0 147 107 118 446 0 670 117 687 688 604 498 194 851 906 0 529 856 621 253 326 924 635 545 0 0 0 0 901 0 0 0 0 910 592 74 165 996 686 251 0 45 69 716 888 371 0 773 693 537 663 0 0 0 962 867 898 0 357 416 539 133 300 285 538 339 0 672 0 570 0 150 9 685 0 0 716 127 585 725 912 0 240 302 460 0 113 127 345 115 113 707 468 283 582 658 77 800 321 322 579 0 0 805 0 0 367 766 987 572 0 555 924 92 387 0 0 0 683 277 79 71 124 493 622 0 305 902 698 94 196 302 0 945 44 
887 888 0 0 0 0 907 418 0 152 314 0 0 29 415 0 134 972 0 647 0 810 587 0 621 668 0 0 212 0 57 155 570 62 992 558 0 0 0 170 921 0 805 0 52 912 421 0 137 0 0 179 965 790 659 762 0 0 357 30 0 967 617 0 274 462 983 0 962 0 265 747 981 965 167 444 836 0 533 0 0 982 0 0 243 227 805 387 644 342 149 413 322 0 224 828 0 698 180 808 286 218 949 0 0 223 544 247 291 781 0 793 250 760 709 0 426 658 0 43 127 0 64 834 301 493 947 0 254 0 66 589 277 640 0 540 720 310 38 406 237 484 569 997 529 0 443 954 0 250 
784 861 885 0 349 610 220 517 947 197 289 0 442 420 226 0 0 555 0 845 0 399 297 59 0 230 0 69 100 0 65 39 0 601 415 355 213 70 0 336 0 462 260 916 156 681 0 818 416 321 0 286 423 0 746 866 748 0 28 935 734 233 578 0 870 0 145 0 867 265 0 726 323 0 361 0 998 0 0 865 722 0 480 0 708 802 438 111 873 723 699 150 356 311 852 960 453 578 271 942 0 0 87 765 665 838 103 0 0 645 13 0 872 0 115 446 0 168 0 550 312 203 0 0 573 551 120 0 987 0 458 916 0 460 496 141 0 365 394 673 833 338 336 779 0 927 704 402 929 0 
635 0 563 0 864 81 136 421 0 993 0 114 0 839 193 431 0 0 0 1000 928 0 0 0 929 0 172 0 346 33 0 0 0 0 0 370 677 534 832 0 750 0 589 116 0 219 404 0 87 0 328 320 79 0 984 532 0 314 844 937 0 0 0 0 793 0 638 0 898 747 726 0 613 494 0 0 696 0 0 210 190 0 187 329 138 0 0 912 0 440 109 0 356 58 867 115 0 0 352 10 0 990 922 812 35 0 703 611 436 64 579 715 539 0 325 1000 0 587 83 0 634 0 759 356 0 709 194 533 159 399 585 669 279 0 94 818 809 352 487 40 0 994 894 39 812 0 539 632 859 825 
227 938 0 842 63 669 606 569 0 0 443 611 0 385 207 952 0 0 436 748 0 631 505 0 940 618 139 693 867 473 759 0 0 793 628 775 724 652 0 0 923 70 519 0 6 736 921 0 91 201 134 203 988 913 14 0 0 824 0 480 624 873 358 478 0 846 188 891 0 981 323 613 0 139 902 953 527 475 750 0 74 0 707 0 3 70 78 799 609 853 228 0 0 0 0 697 0 22 61 0 794 0 0 0 920 735 88 417 0 453 0 790 268 731 50 0 355 713 664 410 269 0 757 980 308 722 570 0 0 99 459 575 739 605 142 424 255 324 0 990 406 443 0 77 613 46 0 772 767 896 
772 205 626 0 0 0 272 106 838 420 165 0 53 422 0 1000 140 930 176 737 0 177 0 447 796 646 915 112 791 994 0 0 588 738 0 0 930 349 0 473 163 0 94 976 0 0 0 672 616 874 468 0 913 966 0 370 0 61 821 309 905 997 0 372 277 116 186 0 357 965 0 494 139 0 192 245 687 14 0 508 478 534 0 961 0 81 0 629 807 0 209 0 0 0 964 318 281 374 735 902 78 0 0 824 773 712 734 222 0 153 0 0 400 985 898 133 0 0 925 0 565 641 930 266 0 0 850 397 350 287 0 615 551 0 0 626 0 724 0 795 0 0 564 12 0 623 267 675 98 0 
0 721 481 421 0 605 0 0 563 120 871 966 0 0 350 843 750 0 24 292 286 256 0 0 0 172 505 455 445 811 97 406 506 886 0 727 578 0 0 358 0 597 0 0 0 31 129 0 752 622 446 582 317 671 0 0 673 0 266 970 0 0 839 0 583 938 238 949 416 167 361 0 902 192 0 701 803 583 533 103 835 310 731 597 504 0 0 0 0 155 686 0 243 0 0 922 65 0 49 313 929 385 247 0 0 0 13 733 900 0 140 509 675 0 866 0 0 0 849 789 675 371 0 914 0 551 0 694 0 0 843 71 730 184 0 537 476 588 37 610 782 526 556 550 0 554 0 96 0 76 
77 493 222 876 153 264 587 689 727 242 821 0 905 489 0 0 0 0 0 0 740 623 206 418 231 346 575 986 270 0 0 761 0 59 224 0 0 889 353 464 847 725 0 844 0 714 704 508 0 273 149 150 0 0 293 939 432 165 585 426 782 894 387 68 0 0 180 0 539 444 0 0 953 245 701 0 970 838 913 0 0 386 0 584 756 0 125 31 889 362 0 566 498 0 0 331 100 99 0 123 226 379 494 249 914 55 40 0 679 725 118 0 78 664 208 653 0 669 0 623 777 437 327 0 0 616 320 991 0 983 483 0 776 164 0 783 0 100 0 252 271 283 0 729 0 524 198 70 845 386 
0 0 574 0 206 0 153 866 589 608 423 697 278 916 326 603 935 0 174 0 0 140 610 643 582 160 503 204 0 0 159 280 935 0 883 707 595 0 244 31 985 146 0 0 763 997 252 757 573 964 0 725 0 0 0 911 886 0 673 69 925 0 0 853 472 0 196 678 133 836 998 696 527 687 803 970 0 354 0 171 0 499 198 850 71 836 30 733 0 707 194 134 0 0 0 724 142 859 266 0 0 633 224 895 733 209 0 0 0 334 0 259 776 187 648 440 980 783 804 0 0 0 0 828 405 449 818 0 415 921 365 0 0 88 0 190 494 999 989 415 789 985 0 199 0 209 360 0 397 0 
0 736 0 234 0 68 929 507 973 582 727 0 585 0 0 517 0 600 0 62 0 564 0 856 0 998 198 163 0 264 0 355 621 394 0 26 743 0 578 0 320 266 0 0 774 506 0 0 0 569 564 349 837 154 627 662 561 0 0 0 599 604 385 0 55 903 0 60 300 0 0 0 475 14 583 838 354 0 36 0 743 151 0 262 158 777 953 0 942 981 711 496 741 12 758 917 245 264 0 286 627 267 813 702 0 330 392 0 758 636 876 300 362 826 474 53 0 928 651 2 50 884 139 0 585 0 417 860 0 8 577 0 444 284 650 0 633 0 0 494 0 306 215 337 0 0 809 969 0 513 
0 38 0 609 263 0 704 941 0 700 487 693 439 684 260 701 788 124 467 871 369 575 82 332 320 0 760 674 181 0 0 0 0 631 418 793 283 941 0 209 130 104 0 892 782 30 492 899 491 434 254 657 0 278 556 485 790 0 922 802 920 676 593 610 305 873 920 583 285 533 0 0 750 0 533 913 0 36 0 818 976 476 615 0 68 0 255 568 0 799 845 793 0 486 420 0 493 104 768 705 8 0 903 0 0 19 931 362 0 250 622 176 943 57 0 492 0 297 452 333 0 681 558 603 0 316 219 331 412 894 0 876 241 788 622 646 936 0 0 784 237 349 0 949 0 0 0 0 0 810 
821 813 915 530 813 376 27 254 570 0 374 254 47 777 87 0 0 939 759 408 558 0 865 176 747 29 0 0 0 902 0 66 228 94 0 945 642 0 0 944 0 543 0 0 779 0 286 508 677 94 0 567 269 199 944 75 330 0 502 528 429 349 0 941 712 809 969 713 538 0 865 210 0 508 103 0 171 0 818 0 262 0 109 0 0 455 611 74 638 248 0 0 154 789 97 50 48 396 205 171 0 0 44 0 694 18 0 0 570 112 0 383 0 480 698 125 566 793 934 962 751 730 365 212 0 0 0 676 440 625 489 159 36 942 127 959 0 0 99 698 294 569 0 0 225 399 0 583 435 0 
