200
0 625 49 289 107 886 665 0 0 0 660 10 504 581 567 0 621 318 84 50 540 927 439 0 16 899 984 0 0 0 446 892 460 181 301 692 907 0 991 294 0 500 0 347 580 113 0 803 5 786 773 771 0 759 628 280 830 0 455 146 947 416 310 825 360 220 742 326 0 869 0 347 13 0 415 0 808 0 430 465 231 820 443 0 698 700 911 582 881 263 739 134 0 830 0 0 0 693 0 0 347 694 819 682 87 612 519 218 461 622 235 764 0 755 0 496 931 463 0 168 0 386 497 297 635 198 26 0 278 0 209 378 146 393 0 336 2 0 50 0 286 487 0 0 274 507 0 0 471 719 577 0 0 404 93 0 0 373 879 78 794 97 0 0 0 731 582 0 0 916 809 0 888 204 0 233 91 241 986 944 875 0 0 806 371 829 0 836 617 0 487 843 279 583 629 438 327 8 0 10
625 0 3 0 65 0 0 921 496 588 545 0 0 0 486 0 373 698 403 0 416 427 0 0 225 845 861 658 0 0 0 18 0 0 433 465 994 0 458 26 177 314 78 0 158 0 264 0 0 0 676 0 239 0 565 411 483 385 459 0 0 886 411 528 0 0 0 0 844 865 519 0 604 780 0 635 938 73 0 221 0 390 559 912 233 0 158 0 129 574 0 382 973 0 0 975 229 4 378 358 985 0 653 915 623 222 0 63 329 0 307 651 855 0 379 212 214 330 0 757 0 371 767 22 608 62 0 668 119 990 2 471 987 945 0 143 27 197 0 668 425 0 869 69 0 340 0 0 328 197 746 201 588 390 522 181 0 436 0 624 348 526 0 6 848 404 642 740 383 74 0 0 380 347 0 945 497 0 315 549 216 0 537 0 0 994 0 0 0 0 0 666 303 447 799 300 0 592 0 599
49 3 0 421 496 0 791 186 982 572 104 453 641 573 145 0 0 847 325 321 0 0 431 0 58 40 0 749 208 511 671 436 0 390 785 877 0 0 575 0 610 923 843 336 785 0 553 0 0 819 0 121 0 984 0 0 154 583 563 0 113 253 529 887 157 489 0 0 275 0 623 26 248 242 884 168 0 621 0 806 0 199 0 802 201 883 0 778 320 514 225 843 0 254 0 0 408 228 0 762 0 267 680 362 809 412 741 460 307 307 477 785 370 354 939 0 934 0 636 33 908 182 0 0 941 377 0 0 0 0 0 71 382 0 0 0 908 142 0 0 409 0 726 278 935 0 655 0 558 966 175 0 23 171 0 0 128 0 0 474 0 0 615 214 689 295 194 892 246 398 774 616 672 0 555 38 955 154 419 278 0 674 521 484 253 209 283 416 843 0 710 421 136 317 902 809 340 66 0 0
289 0 421 0 800 229 437 825 0 0 320 296 56 649 924 521 0 506 143 0 0 519 0 0 706 0 559 0 965 499 882 0 0 917 975 700 0 0 258 940 682 72 27 895 293 671 0 982 0 49 439 919 0 441 974 510 0 0 631 774 611 370 0 348 0 0 866 229 82 0 0 474 716 0 964 0 622 538 699 28 0 0 755 0 525 0 258 0 365 265 389 285 15 498 722 378 0 0 403 285 0 168 0 488 141 119 847 647 0 443 0 792 777 278 474 525 58 572 0 903 114 533 831 299 722 505 0 406 788 337 831 0 0 344 648 259 467 268 870 426 211 0 788 932 0 498 71 890 129 564 383 0 0 733 0 447 412 487 11 37 942 0 760 832 150 0 102 0 292 511 163 171 451 179 439 0 0 674 800 349 0 193 0 852 0 160 681 461 898 522 319 119 885 0 0 615 0 0 0 533
107 65 496 800 0 136 868 0 77 917 0 122 225 0 567 729 0 807 127 629 0 583 362 498 0 453 0 0 381 228 746 0 0 758 0 254 742 0 740 606 0 504 782 454 0 148 24 44 634 0 528 0 0 0 838 342 0 492 597 0 705 67 0 648 949 980 85 560 628 211 0 0 783 0 898 0 1 0 0 376 950 441 727 0 0 0 0 727 409 494 845 12 981 969 917 516 772 0 0 656 392 733 59 258 0 961 967 0 569 94 560 798 293 0 161 0 942 964 160 0 934 100 125 556 0 0 340 0 474 1 86 0 701 955 0 0 0 491 0 574 366 430 392 0 420 872 295 21 0 782 0 571 431 0 0 950 293 0 338 544 756 0 0 166 191 890 911 0 452 0 107 0 420 282 657 155 749 0 0 0 0 0 0 0 0 822 155 3 658 499 0 0 720 213 622 0 520 617 450 966
886 0 0 229 136 0 972 12 36 0 361 0 800 826 863 362 0 0 0 0 294 0 744 108 406 412 0 991 540 64 273 284 0 457 0 78 291 500 0 297 0 0 365 0 714 610 0 0 289 499 0 932 395 467 615 832 433 683 0 823 434 0 846 0 0 853 379 0 879 983 0 0 0 0 0 977 179 0 209 672 0 748 245 186 491 717 492 616 166 0 0 0 0 0 0 0 236 397 0 0 189 812 756 507 197 699 226 846 509 289 635 751 938 0 799 172 0 450 942 728 852 215 458 273 848 0 105 0 653 324 348 970 806 778 306 923 0 296 0 496 728 868 0 782 538 0 649 413 205 704 420 465 34 293 212 70 517 433 549 0 331 0 712 0 0 366 0 0 681 975 695 0 275 400 0 986 311 143 744 0 315 246 0 197 384 613 199 467 425 24 623 739 857 398 556 0 118 900 0 907
665 0 791 437 868 972 0 431 0 129 0 876 361 561 0 294 0 0 0 89 437 528 900 849 843 658 778 442 0 279 308 0 970 820 0 0 45 805 612 48 745 0 0 523 105 607 84 0 0 0 0 565 842 954 106 413 122 415 844 0 0 0 0 462 0 0 549 0 417 271 217 421 5 784 841 185 785 0 873 0 652 52 759 452 0 213 369 0 223 305 714 147 717 157 0 76 510 0 445 0 979 0 367 0 0 707 718 951 624 54 0 844 0 0 0 157 445 142 78 0 0 806 0 191 0 873 439 0 439 0 0 0 137 754 0 364 709 184 0 0 629 738 504 0 0 865 0 0 793 805 557 76 0 810 813 86 0 987 0 682 0 276 8 140 0 631 0 949 719 543 230 0 632 0 116 289 257 809 0 222 279 0 785 0 167 269 114 674 711 915 0 321 398 673 789 415 663 0 0 96
0 921 186 825 0 12 431 0 841 85 0 0 0 367 936 0 235 847 761 0 191 984 249 851 0 0 0 362 710 446 503 0 559 0 0 164 0 341 116 554 534 595 527 0 590 0 702 0 0 632 931 0 0 0 353 665 740 217 0 81 279 0 819 679 693 0 0 183 325 785 702 418 0 902 0 602 484 605 818 417 377 10 602 356 570 656 364 0 174 529 27 724 687 348 384 0 0 310 900 0 555 606 78 0 7 572 153 245 852 0 227 0 0 586 0 859 56 0 896 0 241 962 904 547 0 202 0 393 807 0 0 0 0 0 87 930 0 408 629 801 0 779 414 360 0 899 246 0 457 923 610 0 801 0 829 0 170 0 183 211 125 234 496 910 215 730 0 0 400 24 146 826 373 742 0 588 735 911 870 308 586 618 757 874 721 0 0 617 0 869 698 93 0 181 23 347 0 902 1 543
0 496 982 0 77 36 0 841 0 101 529 505 0 142 37 98 499 455 421 363 944 581 575 353 36 0 837 0 901 586 274 0 558 486 0 318 946 313 0 726 355 447 0 709 562 487 979 660 33 920 272 621 0 0 0 332 489 108 0 959 292 0 448 0 290 487 395 0 584 431 0 907 651 696 0 443 533 0 137 703 587 653 890 221 138 0 201 426 564 486 411 0 386 0 769 726 250 159 369 601 583 243 0 0 204 0 553 3 0 0 435 0 285 265 268 244 0 635 148 395 618 0 17 819 0 0 0 639 360 327 108 0 128 0 754 350 699 810 0 418 219 0 14 0 0 742 0 833 262 0 0 0 234 334 0 0 509 131 0 0 582 0 0 0 440 896 289 0 479 154 0 852 403 0 0 305 586 351 976 102 646 0 0 0 597 0 0 375 658 19 336 918 189 225 166 0 793 70 919 825
0 588 572 0 917 0 129 85 101 0 833 0 487 766 661 0 0 0 0 0 290 0 101 0 180 271 781 0 772 391 0 213 629 0 951 20 912 78 183 0 730 0 942 519 485 161 12 818 0 830 906 873 0 0 900 937 0 0 115 0 384 802 846 274 795 314 0 0 0 655 596 809 329 318 0 112 0 0 0 291 668 0 0 0 225 0 751 687 0 0 224 458 0 294 845 119 951 459 379 0 339 0 217 658 0 996 0 0 866 223 100 897 972 0 803 0 677 175 0 784 371 732 0 538 0 123 0 176 0 0 646 0 16 0 951 0 0 0 590 447 154 0 553 192 0 0 489 40 562 18 427 838 750 144 573 998 0 0 0 948 0 970 937 239 0 0 227 858 0 683 0 375 962 0 845 243 0 0 572 0 711 108 0 0 92 0 0 9 578 318 0 497 467 541 430 329 575 767 0 373
660 545 104 320 0 361 0 0 529 833 0 189 409 723 0 978 0 491 43 227 121 630 0 0 0 0 683 392 486 0 596 687 653 372 790 0 0 445 0 0 415 0 654 805 15 788 0 0 957 415 754 0 906 0 985 373 37 377 474 561 778 307 419 318 832 420 101 0 0 550 938 464 431 508 623 0 167 26 0 700 617 765 386 650 161 948 932 728 0 608 210 148 874 328 11 0 0 40 162 99 723 0 125 0 0 0 841 249 0 404 81 84 13 350 0 634 358 733 0 810 845 111 126 709 322 751 243 0 828 517 791 704 708 668 288 0 125 653 688 96 267 0 0 0 0 749 651 0 0 61 973 0 743 246 0 65 570 109 164 677 376 0 359 640 125 0 305 0 317 792 0 140 86 307 0 436 0 303 0 498 918 0 580 666 0 0 0 0 702 793 626 84 0 374 0 3 289 534 528 436
10 0 453 296 122 0 876 0 505 0 189 0 292 130 0 432 0 0 513 0 168 501 258 995 96 618 150 581 25 167 893 530 438 161 925 250 0 231 983 851 284 0 812 972 0 672 0 426 639 356 838 930 97 0 0 270 207 105 0 0 36 490 68 785 297 58 509 965 275 611 79 0 0 224 32 560 77 0 0 0 884 262 679 99 156 0 879 0 0 658 585 0 0 234 0 802 137 779 284 956 917 0 645 193 826 35 0 34 61 0 0 787 0 793 636 0 0 0 296 69 219 255 815 0 157 433 0 947 0 0 747 120 118 0 431 304 84 0 37 784 0 354 0 669 419 739 0 418 262 375 0 294 0 0 0 940 68 423 0 486 899 139 0 0 0 0 350 0 55 0 0 161 194 953 425 486 0 351 983 762 0 677 442 494 0 288 350 577 0 0 941 736 721 0 588 745 919 932 301 0
504 0 641 56 225 800 361 0 0 487 409 292 0 64 439 771 335 0 908 186 0 0 234 66 297 0 0 712 0 539 643 797 0 672 248 640 0 947 899 435 992 970 0 431 0 979 170 0 930 773 760 820 353 0 277 995 145 583 120 786 972 922 958 440 0 760 298 821 99 298 763 259 686 303 0 805 0 170 0 293 529 773 485 836 802 560 0 124 685 709 0 392 360 579 0 199 580 0 0 0 0 618 531 25 0 0 0 0 866 662 228 274 810 82 270 257 829 768 743 878 644 0 0 0 0 429 0 0 796 49 898 0 341 243 511 622 481 748 356 0 0 330 470 912 220 517 634 0 386 677 680 741 7 790 326 0 0 0 241 0 588 0 917 945 23 0 47 814 612 925 0 291 525 0 684 11 184 504 600 644 37 633 324 351 667 788 874 0 0 0 964 0 674 0 976 27 383 14 0 0
581 0 573 649 0 826 561 367 142 766 723 130 64 0 434 896 636 0 0 405 0 0 87 212 564 926 740 452 0 371 947 835 977 281 0 1000 0 289 258 507 415 0 710 237 0 0 368 435 0 718 431 244 0 304 648 753 600 918 0 812 0 164 782 0 0 306 868 284 378 0 0 987 0 9 0 0 873 999 368 0 0 313 0 0 226 44 218 49 0 0 0 0 0 272 820 0 0 898 137 728 522 703 140 270 253 996 998 415 549 875 710 495 566 380 47 0 210 982 0 0 810 414 132 856 34 364 543 0 206 325 766 0 540 891 724 0 436 0 0 404 0 44 0 0 476 933 905 698 356 826 908 0 0 702 38 583 686 0 0 0 521 408 0 897 0 0 70 0 0 35 709 116 0 0 557 609 451 159 0 99 629 118 354 0 0 0 637 557 747 641 996 731 0 787 40 0 0 0 850 0
567 486 145 924 567 863 0 936 37 661 0 0 439 434 0 728 546 0 0 957 194 756 0 102 672 840 693 913 911 616 0 678 0 0 526 214 775 0 778 0 501 331 0 0 553 887 409 102 854 0 0 595 299 68 0 252 597 131 736 0 0 775 363 514 862 601 436 299 808 836 0 68 0 660 846 447 934 0 248 0 0 892 520 84 299 439 252 344 203 327 0 0 292 97 338 0 530 0 0 455 421 0 910 778 0 0 219 515 110 231 280 253 377 0 0 135 38 674 0 733 325 927 711 360 60 349 431 0 560 838 0 447 247 5 519 524 0 450 0 65 715 0 0 743 86 0 0 0 115 0 0 0 247 234 0 58 146 169 479 402 40 0 0 0 627 0 27 0 322 673 882 281 360 580 0 96 0 831 0 222 0 925 886 206 0 370 851 0 0 48 1000 0 0 0 394 810 921 736 742 87
0 0 0 521 729 362 294 0 98 0 978 432 771 896 728 0 777 806 416 0 0 0 708 0 881 762 130 911 384 264 0 0 0 0 519 0 421 0 597 827 0 116 267 0 1 973 0 409 315 0 116 225 187 715 0 554 157 0 475 586 723 236 797 0 757 0 0 713 386 420 955 629 835 719 340 96 766 499 0 227 266 712 896 0 838 0 224 731 484 0 0 759 3 38 0 0 589 0 817 2 0 634 605 817 97 0 0 710 744 826 188 993 637 288 160 0 337 13 544 729 0 173 457 741 0 380 671 421 505 0 0 0 888 756 418 207 656 142 338 222 0 41 0 470 116 0 0 0 719 0 643 360 623 627 801 0 677 0 575 0 0 155 681 0 688 409 0 414 617 0 140 231 473 0 0 349 88 597 0 0 320 0 423 600 162 0 0 393 458 882 857 845 0 170 11 0 438 600 920 854
621 373 0 0 0 0 0 235 499 0 0 0 335 636 546 777 0 301 760 0 284 332 0 0 461 367 474 945 103 796 0 0 372 0 135 917 0 0 167 579 0 669 419 964 778 0 776 916 835 586 250 309 0 0 239 638 644 418 0 0 819 716 705 532 130 726 50 0 170 443 0 886 291 807 0 908 348 784 128 447 177 653 549 810 93 0 918 521 705 499 240 0 512 733 689 0 266 0 0 328 229 312 92 907 796 0 0 630 235 0 706 0 443 428 682 672 0 64 0 424 307 634 0 0 389 0 0 676 451 0 385 513 942 0 398 803 734 313 0 304 298 322 954 0 687 558 283 615 0 574 0 742 71 97 470 326 978 0 103 0 995 251 0 0 525 0 0 384 238 186 0 953 616 167 745 0 509 0 313 763 673 557 521 0 952 40 957 0 0 664 915 474 0 742 0 351 0 437 0 296
318 698 847 506 807 0 0 847 455 0 491 0 0 0 0 806 301 0 147 0 365 155 773 953 0 29 0 388 252 588 689 0 174 0 911 318 0 338 0 0 286 724 0 230 149 0 648 87 0 573 541 0 234 0 0 461 735 498 0 495 0 317 2 989 0 607 993 158 323 982 0 25 0 95 970 648 0 0 367 667 194 475 0 592 204 464 896 447 889 529 473 256 0 131 0 487 229 0 372 0 305 57 551 635 856 0 0 195 411 811 0 276 0 422 343 331 0 165 229 476 746 34 132 0 857 337 731 106 0 416 749 162 232 450 75 640 0 995 342 995 206 911 0 7 998 149 918 712 885 628 900 533 876 672 300 997 5 0 0 0 609 414 0 236 498 142 0 0 622 0 896 0 0 272 102 0 2 0 0 974 124 280 15 76 232 101 0 701 493 929 392 0 471 133 0 314 996 413 0 549
84 403 325 143 127 0 0 761 421 0 43 513 908 0 0 416 760 147 0 787 751 607 131 981 442 0 0 665 737 0 0 308 678 606 100 0 439 432 331 0 950 0 63 344 0 0 0 146 761 738 924 0 794 657 0 0 617 0 397 0 0 0 809 0 737 811 348 581 0 398 0 67 992 624 233 0 308 975 0 0 0 488 739 613 0 20 397 0 0 282 865 295 226 598 34 441 451 0 0 922 875 577 0 474 536 0 877 316 481 704 861 180 0 0 8 534 864 915 240 0 619 0 836 794 841 49 894 300 529 546 371 672 0 306 0 232 0 389 535 0 993 0 376 995 0 315 696 0 8 0 0 0 34 19 591 849 319 282 616 358 849 343 312 0 436 0 458 807 876 810 525 694 342 591 0 856 59 405 484 950 927 215 547 0 391 338 383 0 400 418 293 0 291 239 609 302 78 0 0 687
50 0 321 0 629 0 89 0 363 0 227 0 186 405 957 0 0 0 787 0 541 316 755 919 815 277 0 0 0 579 0 0 580 317 0 453 237 495 15 279 173 852 0 0 0 507 0 67 0 0 428 995 403 636 563 830 4 876 0 800 504 558 584 104 0 430 75 340 0 985 629 407 66 279 883 407 48 887 285 0 413 0 244 0 734 756 0 418 0 995 45 926 832 872 491 757 206 652 812 0 569 581 0 0 484 793 0 615 297 0 259 387 471 0 249 0 914 681 0 363 790 290 0 403 0 751 712 0 0 387 0 101 563 87 141 36 4 14 477 895 694 199 0 960 620 0 434 984 923 947 360 791 0 0 330 426 251 0 345 75 740 0 442 926 68 11 5 553 0 240 414 0 341 0 277 0 231 41 798 0 0 0 21 0 942 277 0 138 204 910 591 789 0 553 554 0 314 533 183 171
540 416 0 0 0 294 437 191 944 290 121 168 0 0 194 0 284 365 751 541 0 251 393 0 0 740 0 0 0 196 163 129 0 769 248 394 738 960 638 599 173 592 291 25 21 395 666 964 711 0 0 478 223 510 293 642 230 0 775 213 510 832 152 472 0 0 319 0 612 107 0 876 301 180 0 0 0 567 0 305 990 0 264 625 741 636 837 0 642 806 0 289 665 106 0 0 491 0 98 269 0 93 420 618 0 988 0 447 682 253 165 879 933 684 621 874 873 899 714 0 0 973 559 849 922 897 201 0 184 228 395 99 160 318 0 0 896 0 271 494 511 0 356 464 707 0 182 0 460 0 0 0 613 977 209 994 0 860 0 32 277 436 591 921 222 0 450 649 0 923 702 233 650 710 99 0 389 627 995 919 136 0 573 737 360 673 0 513 0 938 374 978 485 985 977 0 924 71 526 155
927 427 0 519 583 0 528 984 581 0 630 501 0 0 756 0 332 155 607 316 251 0 550 0 662 86 0 165 0 291 766 0 916 174 367 0 0 0 0 0 0 279 0 802 338 516 158 0 446 323 0 204 0 660 90 0 0 183 286 723 0 0 0 397 0 973 2 0 932 907 247 239 278 55 243 0 522 513 223 286 428 508 211 824 0 0 523 475 401 0 0 123 316 383 88 679 769 174 996 124 0 981 0 425 589 105 10 372 585 755 766 297 717 0 0 124 179 0 801 59 0 159 0 967 325 0 134 979 0 870 0 0 566 516 406 265 936 0 530 289 686 0 0 896 490 878 907 449 231 79 0 387 760 130 799 12 812 0 640 0 247 361 747 544 980 179 0 0 929 931 984 0 949 0 0 0 0 0 502 0 829 0 281 0 278 599 191 238 31 575 849 189 0 587 0 198 796 476 0 0
439 0 431 0 362 744 900 249 575 101 0 258 234 87 0 708 0 773 131 755 393 550 0 205 0 519 475 266 0 344 0 0 752 0 143 0 0 358 0 946 417 0 391 891 0 0 0 977 74 418 0 804 0 141 828 678 30 490 0 0 88 268 835 0 33 512 281 397 0 113 251 0 713 644 670 0 0 0 658 698 332 223 266 603 561 204 0 591 0 0 995 0 947 0 502 183 535 512 822 134 735 790 443 167 570 705 292 386 80 0 0 490 736 91 832 412 0 993 686 687 239 303 337 551 0 948 0 382 814 0 462 0 384 205 12 520 108 0 0 0 453 0 782 0 914 0 356 38 900 42 609 806 566 0 55 0 0 0 897 562 718 833 0 80 685 310 85 706 0 612 230 777 389 0 87 809 0 102 389 0 0 771 139 679 0 0 879 593 0 0 0 62 0 974 0 156 204 763 441 483
0 0 0 0 498 108 849 851 353 0 0 995 66 212 102 0 0 953 981 919 0 0 205 0 493 625 596 226 154 765 0 198 0 0 0 0 0 196 120 20 125 0 955 0 190 363 846 0 668 762 197 265 220 740 513 213 142 78 297 830 806 976 0 0 63 830 0 528 0 394 134 0 215 0 0 55 0 394 526 0 0 0 799 702 0 0 717 0 308 826 0 0 797 974 922 658 0 0 673 159 0 0 328 646 768 969 378 390 796 496 0 0 14 148 245 25 699 731 230 625 124 395 87 613 0 0 0 301 389 680 633 0 418 398 0 487 17 0 742 868 154 894 70 152 0 0 779 78 0 721 591 181 0 415 125 581 154 808 0 596 158 292 267 0 306 458 0 633 0 0 0 775 258 451 715 506 468 887 856 829 153 692 331 0 753 0 656 258 170 0 425 0 963 592 0 0 781 577 398 0
16 225 58 706 0 406 843 0 36 180 0 96 297 564 672 881 461 0 442 815 0 662 0 493 0 500 979 544 0 575 579 634 833 877 367 219 0 0 393 997 946 776 860 765 826 94 79 853 640 329 469 27 160 0 0 782 71 338 474 346 0 268 199 0 0 0 930 0 301 884 0 703 112 659 851 0 0 496 634 460 641 147 0 0 216 352 689 723 0 0 274 0 259 733 0 761 700 0 0 715 0 557 199 21 614 0 616 0 0 915 117 942 10 786 909 619 265 147 919 30 9 569 366 64 191 0 513 138 848 0 151 0 396 245 924 359 0 351 705 723 612 275 0 518 519 0 72 0 35 0 217 147 22 0 942 962 0 353 434 0 0 0 761 904 178 710 336 0 166 0 630 0 0 324 0 434 1000 154 0 0 215 915 681 571 755 0 914 467 797 76 664 752 0 0 0 197 194 821 532 428
899 845 40 0 453 412 658 0 0 271 0 618 0 926 840 762 367 29 0 277 740 86 519 625 500 0 148 551 713 0 112 0 168 520 0 385 291 0 483 0 515 0 657 0 0 118 345 149 0 814 863 54 829 366 595 582 0 774 829 400 0 598 107 0 894 19 444 555 0 658 758 899 532 263 0 0 744 0 908 165 112 925 710 989 565 0 567 808 357 0 0 0 0 79 952 0 0 0 368 445 0 514 0 85 0 440 99 234 237 0 0 393 0 0 0 141 0 0 44 584 997 522 262 989 0 0 743 542 374 0 0 546 92 462 397 0 0 0 190 356 419 982 0 200 74 344 211 404 766 0 0 229 0 0 347 264 0 590 5 993 573 999 0 64 552 764 447 0 873 510 0 628 0 98 0 620 730 94 0 518 0 0 976 438 0 0 767 57 0 578 46 944 477 849 816 80 248 696 935 504
984 861 0 559 0 0 778 0 837 781 683 150 0 740 693 130 474 0 0 0 0 0 475 596 979 148 0 790 450 0 0 503 786 0 808 745 2 516 728 845 854 703 248 354 3 815 0 0 0 482 0 0 387 748 734 0 519 118 0 0 0 867 0 26 0 563 0 0 133 0 0 967 563 940 0 184 936 573 0 312 295 0 0 0 466 915 505 180 50 585 0 0 0 231 0 430 0 680 947 574 0 112 116 506 0 239 420 0 0 0 0 0 956 167 314 390 828 802 877 933 950 785 675 0 0 0 72 543 1000 80 0 437 375 240 199 268 153 906 673 734 0 379 637 544 0 801 345 879 81 804 535 0 412 0 599 666 0 501 92 921 0 0 0 693 277 229 487 199 203 298 346 420 563 177 188 178 548 905 0 828 92 762 0 549 0 0 886 570 374 0 569 539 876 0 734 276 866 722 884 778
0 658 749 0 0 991 442 362 0 0 392 581 712 452 913 911 945 388 665 0 0 165 266 226 544 551 790 0 288 242 179 0 15 0 588 214 681 185 916 0 0 852 332 870 866 0 788 427 627 0 172 0 980 429 0 0 588 778 69 0 879 0 196 99 609 487 326 0 104 0 224 562 0 697 0 450 0 67 270 708 48 0 878 694 0 0 345 0 637 0 394 685 335 626 317 0 417 304 947 34 308 788 958 39 177 955 0 424 479 0 908 77 628 370 0 0 0 62 849 614 438 474 0 226 15 895 42 22 837 0 828 605 697 887 631 0 809 214 0 300 0 155 617 0 0 471 0 187 91 871 129 709 681 0 549 0 311 941 0 0 716 0 821 284 317 48 697 0 171 0 0 945 0 748 844 943 695 816 750 190 557 0 762 346 738 313 970 177 786 1000 730 873 41 354 231 846 0 463 0 386
0 0 208 965 381 540 0 710 901 772 486 25 0 0 911 384 103 252 737 0 0 0 0 154 0 713 450 288 0 951 0 0 934 98 930 0 0 482 316 0 0 610 0 266 415 385 338 313 0 0 124 776 0 922 602 907 0 0 0 0 466 452 604 0 988 0 239 420 680 1000 238 429 15 575 0 0 145 614 0 351 422 161 501 924 785 509 0 595 423 60 0 0 894 761 629 399 571 0 489 979 150 309 707 0 287 901 0 922 514 838 90 0 0 53 274 212 0 0 296 156 231 0 287 350 536 0 354 769 826 316 906 90 806 0 0 730 0 575 791 183 0 50 0 161 493 709 807 952 544 280 43 851 151 512 530 849 373 381 0 376 670 261 659 565 6 209 654 176 0 728 0 996 0 0 763 963 427 921 514 0 243 0 967 294 340 735 0 560 0 303 171 431 576 749 740 754 0 580 82 667
0 0 511 499 228 64 279 446 586 391 0 167 539 371 616 264 796 588 0 579 196 291 344 765 575 0 0 242 951 0 289 404 292 859 979 119 621 417 19 0 22 803 0 455 181 852 922 0 61 0 745 0 0 240 298 696 841 612 575 416 531 103 181 313 0 397 805 397 177 927 998 0 683 973 628 0 756 667 0 0 194 174 509 0 0 555 0 0 822 51 590 471 0 823 834 816 368 539 586 0 101 24 517 35 938 484 0 942 0 150 940 0 2 656 266 871 314 0 0 301 146 997 586 82 343 15 928 764 57 0 0 0 838 211 97 578 444 0 244 727 0 270 415 816 395 464 946 649 147 420 0 43 660 692 184 618 414 910 0 529 244 770 286 355 188 173 0 689 356 766 753 919 79 0 465 0 0 0 587 524 0 349 0 0 0 238 899 0 732 734 732 477 0 0 613 0 383 29 786 200
446 0 671 882 746 273 308 503 274 0 596 893 643 947 0 0 0 689 0 0 163 766 0 0 579 112 0 179 0 289 0 82 443 0 0 311 151 0 359 0 0 685 0 0 41 116 211 297 268 199 0 718 946 0 655 0 510 753 37 679 463 0 0 991 419 0 876 518 214 0 456 864 0 366 488 604 0 35 0 91 131 431 0 0 0 68 607 804 822 920 696 715 975 178 0 0 733 939 285 551 0 0 351 271 629 69 19 593 903 222 0 469 948 919 0 806 982 187 326 869 0 565 0 494 887 609 797 160 650 0 0 337 0 504 0 327 0 890 20 427 963 0 0 0 0 871 353 710 496 294 966 0 113 0 0 0 862 117 78 596 609 0 0 501 512 785 71 138 0 0 526 643 124 0 854 822 952 367 118 143 981 724 770 301 52 0 0 178 844 678 117 0 0 0 0 940 486 627 223 89
892 18 436 0 0 284 0 0 0 213 687 530 797 835 678 0 0 0 308 0 129 0 0 198 634 0 503 0 0 404 82 0 575 0 272 462 308 429 433 702 0 0 0 0 152 685 350 513 377 332 244 0 352 0 0 0 229 554 43 497 180 0 253 0 471 0 0 700 162 614 464 0 0 73 381 251 213 391 592 0 0 0 188 0 0 370 0 824 440 723 417 642 0 0 230 887 184 479 167 32 930 806 0 0 802 961 620 766 867 442 707 207 662 571 373 571 367 0 421 668 0 0 496 0 0 766 0 481 902 0 94 240 759 598 811 0 263 0 0 0 514 0 0 348 674 760 31 788 323 943 384 0 0 238 239 809 98 954 911 690 104 211 0 746 704 875 0 445 298 0 806 649 132 940 0 378 435 257 867 0 925 0 0 0 741 0 0 607 624 463 0 779 970 723 951 39 0 0 72 28
460 0 0 0 0 0 970 559 558 629 653 438 0 977 0 0 372 174 678 580 0 916 752 0 833 168 786 15 934 292 443 575 0 643 979 617 443 28 555 0 0 0 875 0 959 408 592 447 446 506 311 0 52 0 762 615 426 0 728 911 226 0 996 0 0 24 0 692 715 602 0 24 96 0 838 0 260 52 721 577 160 971 668 353 356 105 295 0 0 152 24 0 0 685 853 0 0 0 0 618 0 0 0 849 985 0 0 554 0 531 0 229 0 747 577 27 0 0 588 864 745 0 132 316 0 0 0 608 369 53 608 89 0 0 0 504 815 0 0 0 0 0 0 533 0 0 0 0 0 496 0 954 504 0 899 41 0 360 83 0 805 7 782 854 944 736 0 0 0 159 795 699 0 0 373 0 198 882 369 0 0 482 583 656 579 774 30 620 764 0 886 0 370 789 204 767 120 267 106 373
181 0 390 917 758 457 820 0 486 0 372 161 672 281 0 0 0 0 606 317 769 174 0 0 877 520 0 0 98 859 0 0 643 0 502 119 0 951 0 0 0 0 348 169 0 0 0 518 246 8 229 764 0 198 0 398 377 0 406 436 435 0 605 0 0 860 691 0 0 492 421 0 971 0 641 291 978 229 404 751 994 454 0 0 498 339 49 875 735 431 466 948 383 23 0 539 0 721 514 0 569 0 13 453 0 911 0 819 328 329 701 0 790 514 22 654 338 0 243 492 0 421 977 0 251 453 160 0 638 537 310 243 678 0 0 94 0 705 446 225 156 0 981 820 190 370 146 477 0 0 465 471 386 143 74 0 214 744 0 0 544 0 172 427 329 297 0 44 476 0 755 0 0 581 0 253 943 0 459 947 756 187 503 969 960 0 440 643 117 881 921 759 633 0 118 385 306 513 728 865
301 433 785 975 0 0 0 0 0 951 790 925 248 0 526 519 135 911 100 0 248 367 143 0 367 0 808 588 930 979 0 272 979 502 0 726 142 0 694 564 0 0 557 676 0 0 879 243 202 0 0 0 0 892 40 0 148 405 0 225 131 941 0 881 633 547 326 468 736 218 219 22 648 532 960 191 0 487 4 0 65 338 0 412 563 637 192 1000 100 0 503 770 5 74 0 0 0 10 269 997 354 157 136 483 800 0 0 0 989 744 368 802 0 200 24 348 0 765 426 0 213 428 0 0 205 0 378 0 716 0 537 20 118 550 847 148 81 538 0 0 665 0 740 91 574 982 0 980 943 641 293 0 0 0 699 944 4 879 0 0 572 525 0 0 368 0 0 439 0 414 0 795 87 466 0 0 473 198 648 0 310 385 732 28 0 0 0 726 0 92 473 0 48 148 902 183 354 0 22 266
692 465 877 700 254 78 0 164 318 20 0 250 640 1000 214 0 917 318 0 453 394 0 0 0 219 385 745 214 0 119 311 462 617 119 726 0 130 126 280 957 369 448 420 984 772 851 0 430 357 864 929 0 0 0 615 71 253 30 639 499 665 695 904 490 101 0 764 0 651 0 583 927 711 0 0 465 319 647 0 4 546 435 0 0 100 427 0 813 296 120 563 466 282 0 722 0 2 881 815 827 0 0 0 279 650 483 270 592 282 0 520 5 0 0 289 0 89 21 577 999 98 170 624 0 0 680 473 871 455 0 520 0 0 670 0 0 947 832 0 550 0 838 213 113 730 35 573 518 692 238 0 89 285 396 453 471 0 782 0 986 116 973 395 255 640 593 0 195 524 0 0 748 409 867 234 70 0 748 0 151 165 0 740 907 344 115 447 943 442 0 942 884 19 0 671 0 0 61 380 277
907 994 0 0 742 291 45 0 946 912 0 0 0 0 775 421 0 0 439 237 738 0 0 0 0 291 2 681 0 621 151 308 443 0 142 130 0 825 0 289 23 0 493 675 339 391 726 992 340 543 237 0 761 462 884 488 245 973 0 205 0 948 123 120 841 168 206 706 409 635 928 15 461 764 4 367 60 841 37 0 974 857 279 513 345 648 572 0 0 0 323 0 293 147 0 510 167 374 445 25 42 0 0 248 136 520 0 307 686 251 398 0 949 325 0 470 0 0 401 149 758 0 0 0 216 134 0 688 850 469 43 751 0 792 876 297 409 811 0 522 303 440 0 652 723 207 0 0 0 283 278 255 0 66 610 0 438 451 0 153 337 773 323 0 0 0 7 0 881 0 900 0 882 162 83 0 475 631 0 876 639 270 729 0 353 269 829 0 0 7 0 169 428 0 606 8 0 0 170 935
0 0 0 0 0 500 805 341 313 78 445 231 947 289 0 0 0 338 432 495 960 0 358 196 0 0 516 185 482 417 0 429 28 951 0 126 825 0 156 161 923 0 0 468 675 432 142 975 0 0 409 698 950 193 650 275 830 421 0 860 680 292 0 0 743 200 405 901 0 94 482 852 0 0 478 860 64 0 0 429 570 808 104 0 398 471 898 469 154 633 887 639 580 782 0 0 707 364 940 715 864 0 665 802 941 0 679 671 947 310 821 0 130 815 662 713 884 0 359 992 0 78 0 237 2 385 539 0 254 901 541 562 36 901 0 284 0 369 43 919 0 775 0 367 488 553 619 654 642 687 381 0 521 0 586 256 200 328 131 674 172 0 0 514 185 677 543 30 947 0 724 610 0 0 651 323 232 0 473 91 899 203 0 687 0 75 277 38 58 204 711 856 0 864 317 0 694 477 153 0
991 458 575 258 740 0 612 116 0 183 0 983 899 258 778 597 167 0 331 15 638 0 0 120 393 483 728 916 316 19 359 433 555 0 694 280 0 156 0 322 283 966 93 905 0 913 745 826 546 915 185 207 605 0 0 547 374 0 0 193 100 0 0 181 0 227 111 0 396 84 912 307 588 0 995 0 754 171 233 612 817 347 967 0 0 67 0 0 0 0 78 962 414 600 0 405 147 0 283 0 950 551 845 116 932 0 669 493 705 480 569 613 154 32 208 913 963 971 499 0 287 0 502 19 828 897 0 0 0 0 0 893 794 350 827 659 802 133 0 0 27 0 951 825 273 630 0 521 713 837 0 484 0 973 839 598 695 771 308 146 446 354 694 771 750 472 385 955 12 865 0 133 798 0 0 837 0 869 933 925 0 253 0 545 0 282 770 0 0 0 0 0 0 972 499 0 695 147 981 0
294 26 0 940 606 297 48 554 726 0 0 851 435 507 0 827 579 0 0 279 599 0 946 20 997 0 845 0 0 0 0 702 0 0 564 957 289 161 322 0 277 817 865 797 0 167 524 623 4 0 367 882 683 631 827 0 0 0 482 815 938 104 920 0 214 376 997 0 803 949 202 894 53 394 0 213 782 217 376 571 473 453 0 948 13 0 369 823 0 876 0 0 0 271 191 0 451 398 523 572 163 0 470 445 968 332 0 0 434 502 661 339 961 285 669 0 460 0 503 312 803 761 15 607 443 0 0 326 57 989 773 0 53 0 634 248 0 395 106 239 344 533 0 75 0 349 256 581 106 94 749 625 560 0 803 0 11 0 0 545 445 429 437 219 43 627 0 958 232 0 725 0 968 270 910 426 967 0 0 0 212 60 612 890 384 514 163 977 516 353 284 913 357 125 0 0 469 843 335 404
0 177 610 682 0 0 745 534 355 730 415 284 992 415 501 0 0 286 950 173 173 0 417 125 946 515 854 0 0 22 0 0 0 0 0 369 23 923 283 277 0 989 0 514 0 268 138 793 823 0 312 112 0 676 0 0 692 37 711 0 0 0 0 228 0 691 955 941 0 103 243 0 350 62 443 0 855 137 695 183 407 1 397 809 0 0 859 264 208 0 0 619 0 319 0 122 561 0 0 0 990 797 0 434 859 0 711 482 690 0 762 156 0 0 113 0 148 538 0 0 790 889 835 489 0 283 899 460 91 0 551 928 0 944 0 0 90 0 536 672 304 899 612 0 0 677 168 362 47 529 0 0 0 0 122 361 0 537 15 0 382 759 293 387 498 101 354 0 993 949 946 0 704 673 0 356 0 0 245 534 819 350 231 929 411 0 0 273 0 359 625 890 690 0 749 391 890 0 121 181
500 314 923 72 504 0 0 595 447 0 0 0 970 0 331 116 669 724 0 852 592 279 0 0 776 0 703 852 610 803 685 0 0 0 0 448 0 0 966 817 989 0 510 0 361 242 345 955 748 0 519 548 576 974 233 692 901 475 795 134 0 0 36 821 471 871 0 298 0 794 0 617 0 644 996 265 463 795 193 87 895 371 516 0 183 185 180 262 0 261 327 952 376 0 429 285 560 0 0 0 839 0 190 0 0 509 721 798 0 0 0 865 0 603 782 0 309 52 875 897 930 528 809 713 0 447 552 649 606 341 623 616 0 499 152 918 238 0 26 948 747 0 0 0 140 346 0 59 296 0 312 0 0 902 493 512 686 189 309 0 0 170 242 480 481 0 542 0 0 276 826 0 371 68 7 0 0 851 0 0 175 0 535 863 530 623 987 488 357 365 0 481 811 332 609 0 67 123 0 335
0 78 843 27 782 365 0 527 0 942 654 812 0 710 0 267 419 0 63 0 291 0 391 955 860 657 248 332 0 0 0 0 875 348 557 420 493 0 93 865 0 510 0 569 719 107 0 671 0 0 831 0 499 225 438 475 351 0 62 195 0 458 31 307 903 0 0 608 712 0 1 983 918 513 922 188 691 367 451 0 961 0 0 677 350 246 251 0 477 309 776 70 0 0 92 0 395 652 0 684 0 0 642 656 963 107 963 156 50 831 997 0 831 405 525 656 0 0 527 0 0 660 472 174 251 739 422 990 955 662 960 0 0 474 198 317 588 0 337 35 633 521 0 0 0 0 600 0 475 323 0 246 802 437 865 0 682 470 541 613 474 506 0 0 29 0 306 845 56 580 953 746 12 0 0 0 582 0 929 415 733 280 490 799 714 911 991 315 693 0 836 915 0 0 400 0 0 518 779 598
347 0 336 895 454 0 523 0 709 519 805 972 431 237 0 0 964 230 344 0 25 802 891 0 765 0 354 870 266 455 0 0 0 169 676 984 675 468 905 797 514 0 569 0 404 416 0 51 448 609 189 260 0 538 718 396 641 321 335 432 694 137 0 0 95 0 905 0 86 844 278 71 425 0 701 619 547 62 115 0 476 0 495 485 197 827 510 0 0 0 970 0 0 531 64 687 871 959 0 0 791 0 0 542 694 0 0 467 780 0 444 737 284 111 7 0 382 68 982 0 454 124 182 470 0 71 0 113 766 0 0 472 0 858 726 0 102 255 757 664 0 476 94 934 0 0 0 489 950 460 979 0 65 0 0 0 578 260 0 475 686 389 316 316 996 0 490 438 0 349 0 956 0 0 0 198 0 639 792 0 125 694 371 576 0 208 194 268 0 0 598 865 471 0 0 8 16 746 113 715
580 158 785 293 0 714 105 590 562 485 15 0 0 0 553 1 778 149 0 0 21 338 0 190 826 0 3 866 415 181 41 152 959 0 0 772 339 675 0 0 0 361 719 404 0 943 945 900 671 58 670 888 269 0 0 848 0 767 594 379 190 128 922 656 438 0 0 0 0 66 0 161 0 86 495 217 833 173 274 0 0 680 203 0 552 996 38 0 450 0 94 646 695 954 0 0 787 971 871 660 530 39 706 42 377 0 0 135 440 948 528 95 328 0 674 843 151 100 239 94 924 208 0 163 836 0 59 988 0 977 925 484 115 0 139 0 454 0 0 350 0 0 7 889 0 0 390 0 181 0 0 881 0 0 45 707 968 0 240 0 64 356 30 0 380 673 764 388 265 0 993 0 517 438 0 0 819 0 0 0 983 244 656 688 761 0 0 115 250 0 0 254 445 0 862 0 0 0 0 104
113 0 0 671 148 610 607 0 487 161 788 672 979 0 887 973 0 0 0 507 395 516 0 363 94 118 815 0 385 852 116 685 408 0 0 851 391 432 913 167 268 242 107 416 943 0 296 0 303 71 481 0 975 440 90 85 504 63 237 168 11 984 846 0 0 890 432 589 793 0 0 125 860 0 0 203 660 99 180 154 0 20 0 858 0 316 0 618 0 970 84 0 0 785 763 237 288 0 433 806 823 889 812 41 729 0 644 894 541 84 0 700 156 727 0 214 988 134 165 984 207 749 251 452 908 0 139 472 245 57 300 216 0 325 0 331 0 0 424 0 0 331 885 57 338 562 0 69 563 312 201 401 95 466 0 989 0 0 733 0 487 88 752 0 0 333 405 0 744 926 206 929 134 446 0 257 887 0 778 976 606 18 412 286 0 0 6 866 0 22 437 0 0 184 833 871 0 343 0 500
0 264 553 0 24 0 84 702 979 12 0 0 170 368 409 0 776 648 0 0 666 158 0 846 79 345 0 788 338 922 211 350 592 0 879 0 726 142 745 524 138 345 0 0 945 296 0 532 561 430 499 915 450 680 198 840 0 0 896 502 557 0 728 0 295 659 237 330 948 0 0 772 884 806 0 0 212 428 173 541 135 743 0 38 788 0 0 0 0 0 846 545 197 0 40 848 0 499 465 0 352 750 0 0 152 382 17 915 89 0 958 140 0 755 0 896 0 440 567 0 591 112 180 0 799 484 0 0 0 255 0 669 0 618 0 527 0 558 574 95 0 680 0 0 888 939 47 149 961 937 171 0 300 0 3 320 0 247 202 923 293 225 639 593 352 0 629 367 632 790 627 919 793 432 0 0 387 588 504 0 0 569 0 488 0 353 119 67 0 834 488 187 0 203 829 252 0 0 0 0
803 0 0 982 44 0 0 0 660 818 0 426 0 435 102 409 916 87 146 67 964 0 977 0 853 149 0 427 313 0 297 513 447 518 243 430 992 975 826 623 793 955 671 51 900 0 532 0 595 946 767 838 586 790 382 519 729 263 234 716 962 315 0 37 140 446 167 423 0 0 526 0 695 545 828 832 0 150 336 12 0 446 0 299 537 0 193 769 282 0 0 0 927 0 602 0 268 586 794 778 0 0 118 0 0 0 855 565 0 1 808 56 66 700 0 0 61 499 0 187 0 0 0 541 278 587 0 0 0 233 956 133 141 155 721 979 345 223 792 920 0 0 485 0 317 56 458 0 434 276 982 602 420 697 200 0 0 0 76 0 0 798 0 818 868 0 140 802 0 134 78 0 124 714 0 875 392 196 0 0 254 766 551 323 0 845 830 294 408 114 254 0 251 0 352 97 391 955 582 0
5 0 0 0 634 289 0 0 33 0 957 639 930 0 854 315 835 0 761 0 711 446 74 668 640 0 0 627 0 61 268 377 446 246 202 357 340 0 546 4 823 748 0 448 671 303 561 595 0 442 835 668 0 599 390 0 877 271 861 902 358 323 466 0 0 564 0 411 0 393 499 779 0 476 367 0 0 0 886 362 694 0 903 708 945 861 0 0 0 858 0 379 832 0 44 962 425 0 992 589 0 834 490 0 0 221 185 23 631 480 319 568 646 204 807 0 0 969 0 534 0 0 762 403 0 845 0 53 0 952 171 229 0 216 521 159 158 24 23 764 288 857 698 627 0 983 0 340 877 916 796 538 383 787 983 338 909 786 370 360 0 96 618 703 856 244 145 0 0 55 314 180 918 836 476 876 400 955 330 198 0 0 901 0 0 912 0 606 339 835 723 836 0 0 917 662 995 0 897 937
786 0 819 49 0 499 0 632 920 830 415 356 773 718 0 0 586 573 738 0 0 323 418 762 329 814 482 0 0 0 199 332 506 8 0 864 543 0 915 0 0 0 0 609 58 71 430 946 442 0 318 765 792 697 667 0 965 174 507 0 0 0 0 28 314 513 346 36 442 767 968 0 486 464 0 188 0 131 1 329 483 0 0 505 530 765 0 0 0 0 852 0 403 704 958 413 657 0 0 0 0 419 0 366 48 0 262 0 797 111 13 300 851 155 654 478 51 0 389 37 264 449 308 967 0 71 620 38 0 105 761 0 0 0 739 576 0 707 0 76 352 222 176 514 119 3 1000 269 409 698 116 0 0 778 762 739 337 0 467 323 853 462 367 0 0 35 776 82 315 0 815 371 0 0 868 193 0 0 985 855 254 694 0 541 0 856 863 586 566 0 172 995 526 307 0 689 549 0 0 0
773 676 0 439 528 0 0 931 272 906 754 838 760 431 0 116 250 541 924 428 0 0 0 197 469 863 0 172 124 745 0 244 311 229 0 929 237 409 185 367 312 519 831 189 670 481 499 767 835 318 0 136 325 220 379 0 51 154 947 436 739 597 463 0 183 113 857 0 385 0 298 33 341 735 326 0 241 560 832 575 516 893 748 61 469 977 257 958 896 440 0 997 243 9 0 861 317 0 105 908 182 767 0 0 135 361 629 465 236 97 0 928 312 0 0 611 504 723 375 889 487 30 956 0 0 416 811 942 674 0 0 128 447 837 232 445 935 0 86 46 0 0 554 0 501 95 0 837 450 808 0 90 621 0 234 0 0 369 229 534 252 227 570 637 188 0 485 0 634 198 0 463 190 236 564 0 0 701 23 464 911 0 0 470 838 747 0 596 95 165 0 951 886 0 378 213 838 0 0 0
771 0 121 919 0 932 565 0 621 873 0 930 820 244 595 225 309 0 0 995 478 204 804 265 27 54 0 0 776 0 718 0 0 764 0 0 0 698 207 882 112 548 0 260 888 0 915 838 668 765 136 0 692 0 894 0 0 0 137 324 0 159 0 828 389 0 289 122 389 683 276 381 0 0 710 0 123 541 380 970 0 0 44 862 95 774 518 439 314 0 922 0 960 0 761 32 352 296 819 706 822 358 0 0 722 122 869 474 412 109 346 784 0 0 0 36 836 188 775 0 0 569 688 548 0 0 600 249 358 0 591 911 109 0 770 535 0 729 569 995 309 235 961 914 621 888 0 423 0 107 842 672 626 0 774 0 418 0 0 0 913 672 795 776 938 565 0 760 0 0 0 0 354 652 0 129 882 0 39 597 0 0 0 215 0 0 0 518 639 716 0 0 43 977 305 0 0 989 706 369
0 239 0 0 0 395 842 0 0 0 906 97 353 0 299 187 0 234 794 403 223 0 0 220 160 829 387 980 0 0 946 352 52 0 0 0 761 950 605 683 0 576 499 0 269 975 450 586 0 792 325 692 0 219 0 626 646 9 627 613 29 560 885 0 823 722 270 0 0 787 0 955 528 958 0 456 67 0 180 796 476 224 16 783 843 732 830 48 126 0 293 0 37 332 0 698 0 0 346 944 0 100 4 0 957 0 120 438 0 25 0 619 269 0 0 283 569 0 0 0 541 86 974 996 801 2 8 258 55 0 922 0 0 0 0 382 0 0 198 656 0 0 0 597 855 140 0 96 973 205 0 0 53 226 0 0 332 724 242 582 0 131 0 647 0 581 274 984 387 0 0 562 0 48 492 0 479 586 229 285 7 742 731 0 440 836 273 0 327 58 546 2 810 179 0 0 320 264 348 92
759 0 984 441 0 467 954 0 0 0 0 0 0 304 68 715 0 0 657 636 510 660 141 740 0 366 748 429 922 240 0 0 0 198 892 0 462 193 0 631 676 974 225 538 0 440 680 790 599 697 220 0 219 0 692 40 0 0 376 192 543 810 965 0 456 447 810 506 979 623 0 583 607 0 0 0 962 670 444 749 392 213 605 708 0 0 92 829 518 439 0 0 938 73 323 77 0 876 0 0 259 0 597 112 581 0 0 0 963 0 0 0 875 669 377 0 686 784 0 0 775 0 0 384 555 215 225 352 0 598 858 0 296 0 305 0 92 435 458 794 171 0 423 0 34 0 653 298 372 268 237 844 0 0 83 0 0 0 339 834 0 736 439 989 0 262 230 280 5 471 0 0 0 12 766 123 27 733 551 731 475 412 865 642 231 623 840 839 0 393 21 542 259 713 0 427 859 507 411 103
628 565 0 974 838 615 106 353 0 900 985 0 277 648 0 0 239 0 0 563 293 90 828 513 0 595 734 0 602 298 655 0 762 0 40 615 884 650 0 827 0 233 438 718 0 90 198 382 390 667 379 894 0 692 0 537 0 483 926 241 823 707 196 783 226 378 939 757 462 503 682 410 503 621 752 38 353 2 226 0 0 0 539 451 0 173 579 205 97 181 11 0 907 0 912 0 0 811 901 806 321 166 68 896 0 26 212 0 332 548 71 0 594 0 269 682 504 866 787 0 735 0 113 812 880 0 0 92 866 130 151 155 777 977 0 535 993 0 370 459 628 249 491 0 0 0 305 806 61 327 111 98 472 0 978 587 418 426 511 618 780 995 0 533 879 629 136 44 458 0 0 0 0 0 0 0 163 457 0 422 0 0 684 9 629 0 830 752 2 0 373 0 465 0 316 0 0 986 0 286
280 411 0 510 342 832 413 665 332 937 373 270 995 753 252 554 638 461 0 830 642 0 678 213 782 582 0 0 907 696 0 0 615 398 0 71 488 275 547 0 0 692 475 396 848 85 840 519 0 0 0 0 626 40 537 0 71 641 0 0 317 84 0 504 44 381 458 340 790 0 355 725 271 981 751 0 0 408 0 0 0 176 583 949 833 0 751 909 121 0 759 600 0 0 0 706 0 250 0 798 171 931 0 541 101 519 0 478 523 807 463 518 571 0 221 277 755 540 888 0 35 241 347 887 0 27 7 0 257 0 47 0 54 897 351 0 403 0 763 251 658 33 813 353 363 0 767 30 975 676 837 156 175 374 826 625 0 0 0 597 0 446 869 277 273 791 0 831 0 777 137 449 0 780 0 774 637 232 984 800 636 509 880 876 221 481 760 273 870 523 538 0 604 749 863 0 712 354 622 526
830 483 154 0 0 433 122 740 489 0 37 207 145 600 597 157 644 735 617 4 230 0 30 142 71 0 519 588 0 841 510 229 426 377 148 253 245 830 374 0 692 901 351 641 0 504 0 729 877 965 51 0 646 0 0 71 0 839 0 0 888 552 0 888 0 201 313 0 0 551 628 561 258 0 535 720 893 0 0 20 267 0 421 835 0 0 456 0 939 365 729 953 777 165 81 0 554 747 604 649 0 0 0 21 519 793 917 853 224 0 239 940 108 0 909 331 915 201 589 889 982 38 179 382 635 984 0 0 0 771 668 0 0 850 848 425 0 17 558 949 636 436 850 0 113 55 0 913 436 0 649 890 0 191 176 496 0 354 38 949 32 787 148 0 489 0 0 0 286 0 84 493 975 157 0 332 0 0 0 955 79 10 0 52 766 0 0 32 313 0 820 260 0 34 483 499 335 0 196 932
0 385 583 0 492 683 415 217 108 0 377 105 583 918 131 0 418 498 0 876 0 183 490 78 338 774 118 778 0 612 753 554 0 0 405 30 973 421 0 0 37 475 0 321 767 63 0 263 271 174 154 0 9 0 483 641 839 0 326 0 374 266 694 841 653 0 773 807 0 33 204 0 1 376 185 268 0 805 534 0 495 420 0 171 0 325 814 937 367 516 270 427 0 883 946 0 0 856 872 0 0 454 450 946 990 595 556 949 0 0 697 0 0 0 745 181 523 571 34 336 0 18 291 199 151 424 0 0 219 162 596 493 913 462 0 145 0 40 0 803 402 436 349 280 0 246 0 855 835 0 310 304 0 892 119 494 205 0 92 907 136 302 603 0 362 106 969 355 922 331 839 284 801 170 720 204 543 244 970 670 0 408 0 49 73 856 52 946 0 0 829 261 0 636 312 0 771 584 0 756
455 459 563 631 597 0 844 0 0 115 474 0 120 0 736 475 0 0 397 0 775 286 0 297 474 829 0 69 0 575 37 43 728 406 0 639 0 0 0 482 711 795 62 335 594 237 896 234 861 507 947 137 627 376 926 0 0 326 0 710 0 0 811 431 0 449 127 0 719 633 192 339 123 129 443 561 234 628 964 0 791 862 528 0 857 0 466 0 0 197 79 0 522 245 450 0 150 535 226 0 949 806 815 0 0 0 713 910 189 779 973 528 366 0 320 0 0 825 390 0 227 271 727 0 145 541 609 419 0 474 617 110 576 824 168 699 410 0 0 819 0 0 0 598 749 44 421 564 955 714 45 533 0 849 996 58 876 0 0 0 104 0 709 592 354 576 0 455 375 511 0 0 805 663 281 820 0 593 564 19 523 755 0 0 723 0 718 61 0 365 0 0 0 863 632 549 558 323 799 0
146 0 0 774 0 823 0 81 959 0 561 0 786 812 0 586 0 495 0 800 213 723 0 830 346 400 0 0 0 416 679 497 911 436 225 499 205 860 193 815 0 134 195 432 379 168 502 716 902 0 436 324 613 192 241 0 0 0 710 0 789 947 438 283 0 0 195 0 271 486 0 851 0 688 682 689 0 13 558 292 872 0 36 0 922 0 648 934 109 0 0 68 714 308 257 52 827 275 797 386 148 816 0 367 0 0 0 997 495 0 931 368 0 14 0 368 0 847 540 0 495 0 0 0 0 0 477 880 985 702 0 0 918 759 602 309 152 146 123 72 426 23 706 0 0 886 207 237 744 531 0 996 988 0 850 66 174 0 333 970 0 0 602 437 0 704 446 0 400 625 0 0 828 0 474 684 196 0 830 410 861 595 787 205 0 0 0 298 395 0 0 0 821 233 0 654 119 0 0 25
