200
0 507 0 0 0 0 0 5 0 0 57 0 0 0 610 0 0 0 0 0 0 848 891 0 0 846 916 69 0 6 167 0 0 0 0 0 0 231 0 0 0 328 577 137 269 683 0 888 0 0 895 604 0 106 0 600 0 0 0 0 0 0 0 334 681 0 0 0 0 0 631 628 0 674 0 0 0 0 0 0 582 0 0 0 0 0 0 0 0 0 0 0 681 0 499 0 0 714 0 0 0 438 0 0 0 0 0 0 0 0 0 0 524 640 0 227 0 0 518 0 0 0 891 0 0 256 0 677 0 0 0 0 0 0 0 0 0 0 0 0 0 730 995 0 873 0 413 0 0 0 0 0 0 263 249 608 781 359 0 142 0 932 0 0 221 0 0 0 0 542 0 745 59 869 0 0 0 0 0 0 0 0 0 658 428 258 0 0 0 0 0 0 0 0 0 0 741 873 0 0
507 0 671 0 0 858 0 0 0 0 0 0 0 0 0 937 0 0 485 851 0 0 827 888 0 0 0 0 0 0 0 874 0 36 0 0 0 0 0 0 0 0 0 196 164 0 767 690 0 0 0 0 0 0 0 0 148 0 592 912 0 0 672 324 0 901 0 838 0 0 0 937 0 0 0 0 0 626 671 0 788 0 0 0 0 0 0 0 973 0 0 0 0 266 0 0 0 0 0 0 0 0 607 0 163 0 0 0 791 0 0 0 664 0 0 0 0 0 0 952 735 926 0 0 21 705 0 0 0 0 535 0 636 0 0 301 0 0 0 0 0 141 531 0 0 0 0 0 0 356 0 186 0 0 525 0 0 308 0 0 0 0 0 0 0 0 301 0 629 0 0 0 0 0 755 595 0 400 0 0 0 869 0 0 0 0 0 0 534 0 0 0 872 0 0 0 0 0 0 239
0 671 0 401 0 0 0 0 0 0 682 569 0 195 0 730 76 0 855 0 0 0 356 0 141 272 0 0 0 0 0 0 0 0 0 0 0 0 0 0 0 0 496 0 16 151 981 0 0 0 0 132 939 789 0 446 157 0 0 0 0 71 0 833 846 33 339 0 0 0 0 0 0 0 0 655 6 0 0 171 0 0 143 0 0 810 0 0 0 0 0 0 750 0 0 0 0 625 0 443 730 81 0 0 0 0 428 536 0 0 0 0 0 877 714 166 0 0 0 355 898 0 414 0 382 0 0 0 0 0 0 0 0 0 0 0 0 0 0 0 0 0 141 0 0 0 0 0 0 0 0 0 0 735 0 0 623 0 0 397 0 0 299 0 0 0 0 0 567 0 291 640 0 488 0 0 0 0 0 0 0 0 0 167 0 0 0 0 0 0 35 0 0 140 248 0 0 421 242 614
0 0 401 0 216 0 1 0 0 0 0 0 0 0 818 908 327 310 0 0 0 0 917 0 63 0 0 0 0 0 0 673 0 0 0 0 543 0 384 10 0 0 0 0 0 0 194 478 0 0 225 0 0 0 72 615 82 0 613 0 0 0 0 0 0 0 0 0 0 0 0 0 0 0 0 0 0 0 0 0 0 625 549 0 0 0 0 615 0 539 0 0 0 0 19 0 0 266 0 0 0 19 0 0 0 694 0 0 0 201 0 0 0 0 0 0 793 0 0 0 100 5 954 0 0 0 0 862 0 937 0 593 0 0 886 0 114 145 990 136 0 0 0 0 0 250 0 0 0 0 0 0 861 721 440 0 0 0 142 0 0 0 609 0 0 0 0 0 0 386 0 0 0 0 964 0 0 0 0 0 0 0 0 0 452 0 0 0 0 983 0 0 0 0 0 461 573 747 0 0
0 0 0 216 0 453 92 141 0 0 0 0 0 0 0 0 0 365 582 0 0 0 121 0 152 0 0 0 679 0 0 0 0 0 0 0 0 577 630 0 0 0 0 968 412 0 485 0 772 0 842 548 39 806 0 0 734 0 420 894 0 0 624 0 0 129 0 0 0 803 418 0 0 0 0 0 593 0 464 0 0 325 0 0 0 0 0 13 0 0 0 120 0 923 0 877 0 0 0 87 311 0 0 876 0 0 0 0 288 341 85 0 385 71 0 0 0 0 0 0 0 674 0 4 305 0 0 0 0 0 0 0 162 0 896 556 0 0 0 0 182 0 0 0 0 0 0 0 0 968 0 730 467 0 0 474 0 0 0 0 0 0 723 0 0 0 0 0 0 0 0 0 0 0 969 43 0 0 571 0 83 0 0 0 0 0 0 709 0 0 0 0 767 0 0 961 0 459 0 0
0 858 0 0 453 0 568 30 57 0 0 138 0 0 0 0 0 0 0 605 0 0 850 0 729 0 258 0 0 0 0 0 826 0 904 565 384 0 0 0 0 727 0 0 0 809 136 0 0 157 0 0 0 0 0 0 0 0 0 959 36 632 853 0 0 246 194 203 994 34 0 0 846 0 0 0 0 0 745 0 0 0 101 655 976 0 0 0 193 0 225 469 339 0 570 0 38 0 0 0 0 0 0 0 0 0 0 0 0 690 0 628 965 0 0 0 0 0 0 0 0 107 0 0 566 0 337 0 551 0 0 0 0 0 0 0 0 0 0 0 0 154 0 0 0 748 364 0 938 0 0 0 0 0 0 0 0 0 0 977 332 377 630 0 0 0 0 0 0 0 0 312 0 843 0 0 584 0 0 0 968 412 0 0 0 0 588 0 957 0 0 921 0 0 0 0 0 936 0 0
0 0 0 1 92 568 0 667 78 712 0 110 0 0 204 0 484 0 0 0 0 298 0 0 0 0 311 0 741 911 0 0 0 0 0 0 0 811 0 0 0 0 0 0 0 0 0 19 587 0 0 0 0 0 826 375 0 0 373 0 0 0 0 740 0 544 529 88 0 328 0 521 980 0 0 0 0 0 0 0 0 0 708 427 0 0 654 0 0 0 0 692 0 0 0 0 0 878 0 39 0 346 0 507 0 911 0 0 0 0 0 0 0 0 951 0 127 739 0 925 970 0 0 0 288 320 0 0 0 0 0 633 214 0 746 0 851 0 77 0 0 0 0 0 0 843 0 618 0 269 0 0 0 0 691 0 0 763 0 489 0 818 0 0 0 0 0 0 124 0 52 0 0 0 0 0 684 0 0 0 0 0 0 0 980 0 0 0 3 0 0 0 0 0 0 132 0 217 0 0
5 0 0 0 141 30 667 0 313 0 104 0 0 0 0 173 0 0 220 0 0 203 0 0 0 0 0 92 61 0 0 710 0 0 0 0 586 802 0 0 0 0 518 0 426 989 744 0 0 932 0 342 868 381 153 0 0 18 762 490 0 595 0 608 966 0 772 0 437 0 0 0 0 0 0 0 395 754 0 0 904 0 0 0 0 0 0 557 0 0 340 673 0 0 456 0 593 903 0 0 0 806 0 0 314 0 0 0 0 0 0 0 0 0 758 956 0 110 0 561 0 0 0 0 0 0 0 0 0 318 14 0 435 0 0 0 0 0 0 474 0 0 0 490 0 0 0 0 0 459 0 317 0 0 777 0 162 0 0 0 143 341 270 865 0 0 0 599 0 104 0 0 694 421 0 0 0 0 996 0 0 0 0 546 0 285 0 456 374 0 0 0 467 0 0 0 0 0 0 0
0 0 0 0 0 57 78 313 0 165 14 0 635 0 0 0 0 0 670 949 0 183 0 0 0 0 0 323 0 0 0 0 0 528 0 0 188 778 0 144 0 0 0 332 0 0 0 309 0 0 0 0 0 0 731 0 0 402 0 0 0 0 538 0 0 0 0 0 0 0 0 0 0 74 0 0 0 0 135 0 590 0 93 803 0 0 678 0 770 0 0 0 0 446 333 0 0 283 342 0 0 191 236 0 0 0 674 194 106 130 0 0 0 707 0 0 0 0 0 653 0 0 0 0 568 0 0 0 0 0 0 0 0 0 0 0 0 0 40 0 0 788 0 538 0 146 0 0 611 902 0 418 0 0 0 0 0 0 0 0 427 0 0 268 122 0 0 0 0 0 0 0 991 56 0 0 0 0 0 0 937 0 0 0 0 466 0 0 0 314 483 0 624 473 593 0 0 483 0 0
0 0 0 0 0 0 712 0 165 0 747 0 0 486 0 400 0 0 0 0 0 0 518 0 764 0 0 0 0 553 0 935 0 0 0 474 0 0 0 0 0 0 0 0 639 0 0 0 0 0 0 96 0 463 0 0 0 0 0 0 0 0 340 0 0 0 0 931 0 0 0 0 0 0 0 0 0 309 0 0 0 730 600 789 0 0 0 0 619 0 0 0 922 0 0 577 0 497 0 0 0 0 0 0 0 0 0 0 0 567 0 0 0 899 0 0 0 963 0 0 0 0 0 0 0 0 0 0 0 541 0 0 0 0 0 0 0 0 0 0 0 238 0 0 541 0 0 475 0 966 681 884 0 0 0 0 0 0 509 0 0 0 44 0 0 0 639 0 0 0 313 0 748 388 0 0 187 0 65 759 990 661 734 0 0 766 0 0 0 371 508 0 732 126 0 0 0 585 0 103
57 0 682 0 0 0 0 104 14 747 0 287 0 0 0 0 808 0 0 0 0 681 0 0 0 671 0 0 0 0 505 0 0 0 0 0 0 0 339 0 0 542 0 271 0 0 0 0 0 993 0 0 0 0 630 703 0 0 653 0 0 364 0 0 0 0 0 0 0 0 0 0 681 0 664 0 0 685 0 0 0 0 0 0 213 0 0 0 0 0 0 0 169 0 0 0 0 0 571 0 0 0 287 0 0 0 645 0 0 0 0 0 0 0 0 0 0 220 0 617 832 0 0 0 0 0 0 986 0 0 0 205 0 184 122 0 96 0 102 570 0 0 0 0 0 0 39 0 220 190 314 339 0 0 0 0 300 0 189 0 0 567 0 0 0 0 190 0 0 0 172 0 0 193 0 0 250 421 0 0 0 394 0 0 0 0 0 817 0 0 0 497 0 507 0 0 903 0 680 847
0 0 569 0 0 138 110 0 0 0 287 0 209 0 0 0 0 0 0 0 849 0 0 0 0 0 0 0 522 0 0 0 876 0 0 0 0 0 0 0 0 0 0 0 0 0 0 15 409 0 0 929 0 514 0 919 0 0 0 0 0 0 116 0 0 0 384 126 0 0 0 0 0 0 0 0 0 626 0 0 18 520 0 0 892 0 0 0 0 0 0 927 0 756 0 995 0 0 573 0 0 0 881 923 0 0 0 0 0 275 0 704 0 992 0 0 0 292 993 0 0 245 0 791 0 604 868 185 0 0 0 0 328 0 0 0 717 826 0 0 366 0 703 0 0 0 0 0 0 0 0 605 0 0 0 356 0 0 0 552 357 587 744 0 0 0 0 0 776 0 0 0 780 491 0 0 0 0 0 0 0 0 0 0 592 0 0 0 0 0 0 296 0 573 932 0 0 0 0 0
0 0 0 0 0 0 0 0 635 0 0 209 0 197 0 0 0 0 0 0 0 0 0 0 0 0 0 645 0 0 527 886 0 0 56 0 693 0 0 500 0 0 0 0 0 0 0 0 0 709 0 445 0 0 0 0 0 531 516 567 0 0 0 0 340 75 74 204 0 0 0 296 0 856 0 0 0 0 0 600 0 0 342 0 404 0 895 0 509 0 0 0 0 0 0 571 838 0 0 714 0 0 0 0 53 0 871 739 583 0 0 0 0 0 779 0 0 0 0 0 553 0 0 0 0 0 0 71 0 0 0 0 182 411 0 0 855 440 994 0 0 0 917 0 0 0 0 506 0 795 0 202 0 0 96 0 0 0 0 0 0 877 0 0 0 0 0 444 0 0 395 0 0 0 0 0 0 0 365 0 0 0 0 0 0 0 0 0 0 231 718 203 247 0 906 0 0 0 0 0
0 0 195 0 0 0 0 0 0 486 0 0 197 0 536 0 0 0 0 0 630 400 64 0 0 568 0 545 591 0 286 0 0 0 0 542 0 0 320 273 853 0 508 0 514 0 0 0 0 0 0 761 563 0 0 0 0 0 0 0 0 0 34 0 0 783 0 2 238 523 510 0 338 0 0 758 895 567 0 0 0 0 0 686 0 0 0 0 0 0 0 0 0 0 0 0 0 0 0 472 0 0 548 0 0 0 0 0 0 0 0 0 673 0 0 0 0 0 0 0 558 0 0 0 0 0 0 0 0 0 391 0 0 0 0 74 0 200 0 0 0 0 827 0 0 0 704 0 0 0 580 0 0 862 0 0 0 0 0 0 749 0 458 950 0 0 0 0 212 537 0 0 0 141 0 0 0 0 0 0 0 0 0 0 573 0 0 0 0 0 0 0 147 0 606 244 430 0 0 237
610 0 0 818 0 0 204 0 0 0 0 0 0 536 0 370 0 0 0 0 0 941 0 0 0 0 0 420 0 268 0 0 0 794 718 0 0 0 0 424 0 0 0 0 0 0 0 0 0 0 0 0 0 0 0 827 0 0 0 0 0 0 392 0 0 0 487 0 0 136 82 437 0 0 0 0 0 0 0 0 0 741 0 0 0 410 0 876 0 0 0 0 0 0 0 0 0 0 0 0 0 0 0 0 907 0 100 232 0 0 124 0 0 889 0 0 0 0 0 535 0 270 161 999 0 0 0 0 0 0 112 0 0 77 0 0 0 0 0 170 0 0 676 612 27 0 0 798 139 0 478 0 0 0 0 0 0 456 0 0 69 0 0 0 765 8 945 0 0 0 0 0 0 0 751 0 565 0 0 0 0 0 0 755 0 177 614 0 0 0 14 81 0 0 0 0 567 976 0 0
0 937 730 908 0 0 0 173 0 400 0 0 0 0 370 0 446 43 0 0 0 0 0 563 0 0 0 133 0 0 0 0 669 0 0 0 0 369 0 0 615 0 717 0 0 356 0 0 0 445 0 0 471 596 769 0 0 521 0 0 549 0 0 0 0 890 255 108 0 302 0 327 0 0 0 0 73 0 0 90 210 24 0 0 0 838 165 0 0 0 0 0 0 0 0 988 0 0 0 0 0 398 0 0 0 0 0 0 367 0 6 0 771 0 102 0 0 0 598 883 0 591 844 0 0 120 0 0 0 0 0 856 0 321 0 0 156 22 245 0 0 450 0 0 0 0 0 498 0 0 0 484 0 0 0 760 0 108 0 0 0 0 0 0 0 0 0 0 141 663 0 0 0 0 0 276 0 0 0 0 0 946 0 0 573 0 0 745 0 0 0 0 527 0 0 667 265 0 900 0
0 0 76 327 0 0 484 0 0 0 808 0 0 0 0 446 0 942 0 0 0 0 0 0 799 457 0 0 0 284 712 0 0 0 0 0 0 239 0 0 0 0 0 134 0 0 0 0 0 355 0 0 11 0 0 0 0 0 0 712 211 0 0 0 664 0 0 0 0 0 0 243 0 0 0 0 0 0 893 662 0 0 0 834 428 0 0 497 0 0 784 0 0 0 0 926 0 0 65 0 0 0 0 0 472 0 932 0 0 0 0 0 0 0 122 0 457 539 811 86 270 0 28 889 991 202 0 0 0 241 0 831 0 669 0 775 867 0 0 0 0 0 0 0 0 0 0 0 0 0 0 0 0 758 0 0 359 455 0 0 421 0 0 281 0 56 0 0 646 0 0 0 0 0 0 0 0 0 852 0 960 0 0 531 0 948 0 0 0 0 0 481 298 66 0 389 41 166 0 0
0 0 0 310 365 0 0 0 0 0 0 0 0 0 0 43 942 0 212 621 414 0 0 0 982 0 637 0 0 0 0 0 1000 0 0 0 0 34 910 38 264 0 0 0 0 0 0 109 0 0 798 0 0 622 0 0 0 749 656 408 985 235 815 306 0 0 0 0 706 0 0 0 0 426 0 0 0 602 0 417 0 260 0 387 523 514 344 0 0 0 0 0 0 0 0 0 0 256 191 0 0 374 0 329 0 906 0 0 0 0 0 0 0 0 211 677 0 429 0 0 0 581 0 699 577 0 374 0 264 0 0 0 0 894 0 0 275 0 0 0 226 0 0 718 0 0 79 0 156 0 0 0 0 0 980 0 453 0 0 189 0 0 0 0 804 0 927 0 0 612 0 0 0 0 554 0 0 883 0 0 0 768 0 0 0 891 0 0 0 0 0 891 0 0 0 0 0 0 0 0
0 485 855 0 582 0 0 220 670 0 0 0 0 0 0 0 0 212 0 246 0 0 569 973 325 933 0 0 0 0 0 5 0 0 0 0 177 0 0 0 941 0 0 0 773 0 0 0 0 0 0 0 0 0 0 0 0 843 0 0 0 843 38 671 0 0 0 0 592 0 0 0 0 0 0 0 979 941 337 997 3 0 129 0 585 79 820 0 0 0 0 493 716 0 0 297 0 0 0 0 354 668 0 0 0 0 534 0 635 0 0 594 348 0 0 0 0 0 0 0 98 0 0 253 0 363 0 0 519 0 88 0 0 0 187 0 0 0 432 425 0 692 0 0 599 0 0 252 0 0 0 817 482 0 0 215 0 0 0 0 0 0 0 0 527 398 337 0 0 0 0 0 0 0 0 0 0 0 0 0 0 0 0 850 0 0 0 0 135 0 0 615 333 811 0 0 0 343 0 721
0 851 0 0 0 605 0 0 949 0 0 0 0 0 0 0 0 621 246 0 21 0 0 0 206 0 191 0 0 0 0 0 0 0 0 0 0 40 0 256 938 748 0 0 0 0 0 0 0 0 0 671 0 906 740 119 0 0 241 0 0 529 0 980 0 0 264 495 0 535 0 0 268 0 0 793 342 0 730 526 0 19 116 0 0 0 750 0 138 0 0 364 446 145 0 2 0 946 0 25 0 0 651 0 0 0 448 701 0 801 0 0 0 928 145 0 0 0 0 0 311 0 36 211 15 0 0 515 0 0 0 106 0 0 0 677 112 841 0 0 395 0 969 0 355 0 0 0 69 873 383 0 0 165 0 100 0 0 439 290 0 0 0 0 0 0 0 247 0 558 0 0 0 818 0 0 0 0 0 0 0 0 0 0 771 0 0 0 0 0 0 0 0 16 0 0 0 0 0 0
0 0 0 0 0 0 0 0 0 0 0 849 0 630 0 0 0 414 0 21 0 847 255 0 0 0 283 0 0 0 0 0 0 0 0 0 0 569 0 0 0 0 483 820 146 0 0 0 0 0 731 332 0 0 10 305 649 763 0 0 168 893 0 0 138 0 457 285 0 550 0 0 0 686 0 0 0 0 0 0 538 0 0 0 0 0 149 363 235 0 0 470 0 0 50 540 0 203 0 272 0 0 0 187 191 48 436 0 0 407 0 0 0 0 0 666 0 414 0 582 0 0 0 0 0 0 0 222 0 0 254 19 0 0 0 0 0 684 0 845 0 0 0 0 174 0 312 0 0 0 0 0 975 0 27 0 840 0 0 277 0 949 0 0 99 0 0 0 338 0 0 0 0 435 0 776 660 0 953 319 0 0 818 782 708 467 0 767 0 0 0 0 36 0 0 0 0 434 0 484
848 0 0 0 0 0 298 203 183 0 681 0 0 400 941 0 0 0 0 0 847 0 557 0 0 0 670 0 0 192 0 0 0 0 0 0 0 259 538 0 0 45 0 0 0 0 326 0 0 0 0 0 0 0 0 0 0 710 0 543 0 0 0 0 0 64 0 0 0 0 0 0 2 152 0 0 724 902 0 0 0 244 443 0 664 0 0 415 644 0 0 0 0 0 0 322 0 153 0 0 0 0 0 714 0 0 36 293 0 262 903 0 762 0 0 0 421 0 0 0 637 0 0 0 144 0 0 791 0 844 0 0 0 552 235 950 266 0 102 55 0 0 130 0 0 0 605 0 553 0 0 0 746 0 699 0 0 0 0 0 518 0 654 0 0 132 0 0 0 502 0 0 0 889 0 0 0 0 0 830 0 0 672 902 0 0 0 0 0 0 0 0 138 0 0 0 0 0 0 0
891 827 356 917 121 850 0 0 0 518 0 0 0 64 0 0 0 0 569 0 255 557 0 542 0 0 564 497 0 830 75 699 0 0 0 0 0 166 0 0 754 0 0 0 0 291 0 0 0 0 0 0 759 0 0 0 0 454 0 667 0 0 0 0 0 0 0 147 0 609 0 0 0 0 0 0 907 0 939 0 616 0 0 0 0 0 0 0 734 32 0 0 9 0 0 729 564 0 0 0 0 0 0 0 760 212 0 0 0 768 0 495 656 0 800 0 0 0 0 825 0 857 278 0 628 0 0 0 0 0 0 0 0 0 0 0 0 5 0 0 470 500 0 0 592 333 0 0 0 0 0 0 0 0 203 477 0 835 246 0 0 913 0 0 589 0 0 0 0 0 0 0 508 79 0 0 310 456 0 0 0 348 0 0 0 0 0 0 0 0 127 178 0 0 0 0 0 0 0 0
0 888 0 0 0 0 0 0 0 0 0 0 0 0 0 563 0 0 973 0 0 0 542 0 319 0 0 622 0 0 861 246 0 327 15 57 0 0 774 0 0 0 0 472 339 0 0 0 596 0 0 0 0 0 689 985 0 0 0 0 0 377 0 0 914 0 0 0 0 91 0 731 0 0 0 0 0 0 0 0 176 0 0 0 0 0 0 0 0 0 0 0 0 0 16 0 0 74 0 0 0 216 0 0 0 0 0 773 0 346 894 748 0 0 969 0 0 769 0 0 0 0 0 668 0 523 0 0 244 0 0 0 0 767 105 590 222 0 0 0 0 0 0 0 0 0 407 0 0 0 0 0 935 0 9 0 0 645 0 72 0 0 863 0 0 0 0 698 678 0 0 0 0 935 0 273 0 0 0 0 0 379 0 0 0 379 0 0 202 718 0 0 83 0 0 0 0 0 565 777
0 0 141 63 152 729 0 0 0 764 0 0 0 0 0 0 799 982 325 206 0 0 0 319 0 443 18 0 0 0 730 0 0 369 0 0 0 230 131 0 0 757 367 0 637 0 0 0 0 0 939 808 666 180 165 0 0 802 0 0 0 166 0 0 0 602 0 0 0 0 281 0 513 0 183 0 0 0 655 332 0 0 655 0 604 0 0 497 0 305 0 0 0 0 0 0 0 472 689 0 265 0 0 0 0 7 0 0 0 0 889 0 0 0 0 0 0 0 0 0 835 0 382 0 0 0 0 0 0 160 829 0 0 0 476 0 582 190 0 0 0 23 0 0 0 0 0 0 320 0 0 0 0 0 950 0 0 896 0 0 0 0 756 511 0 0 0 289 0 435 0 0 0 102 298 0 0 0 0 816 0 464 363 0 0 0 0 661 0 784 0 0 336 486 0 0 0 0 0 150
846 0 272 0 0 0 0 0 0 0 671 0 0 568 0 0 457 0 933 0 0 0 0 0 443 0 568 0 0 0 0 0 169 0 0 871 576 0 0 0 0 0 0 926 0 0 0 0 0 0 616 0 491 0 0 913 0 0 633 0 0 0 0 0 0 0 96 0 0 103 0 212 642 0 0 0 504 196 353 115 0 800 0 0 0 412 0 205 0 0 502 833 0 128 0 0 0 0 520 0 0 925 0 0 607 0 0 0 626 0 0 0 884 0 0 0 0 0 0 0 119 0 0 0 0 0 0 0 0 0 816 0 863 125 0 0 0 0 0 0 637 0 905 0 0 0 850 0 0 0 0 0 578 0 231 0 643 0 286 0 0 0 0 0 0 633 0 0 0 0 0 0 924 871 0 0 141 0 0 0 538 0 0 0 996 824 0 0 0 0 0 0 146 0 64 0 0 0 0 0
916 0 0 0 0 258 311 0 0 0 0 0 0 0 0 0 0 637 0 191 283 670 564 0 18 568 0 765 0 845 689 0 642 898 0 0 0 914 828 0 0 93 0 0 902 0 0 305 0 0 0 0 229 0 0 0 0 763 0 0 0 0 633 0 0 0 0 0 0 942 48 0 0 0 7 0 0 0 0 0 0 966 0 595 0 0 419 0 0 0 0 0 0 366 680 0 994 0 0 298 398 140 0 176 0 176 0 0 0 882 0 0 0 0 13 0 316 0 0 0 0 0 380 895 0 0 0 0 217 0 0 0 0 375 0 0 0 0 415 961 0 527 847 541 990 0 919 0 0 262 0 0 537 0 861 0 0 0 0 0 0 0 0 283 0 0 794 0 680 0 233 982 0 0 0 0 0 0 296 0 0 0 473 0 977 0 0 0 971 401 0 562 0 711 0 0 0 845 0 0
69 0 0 0 0 0 0 92 323 0 0 0 645 545 420 133 0 0 0 0 0 0 497 622 0 0 765 0 469 0 0 846 0 0 0 0 0 0 571 302 0 0 0 0 0 0 0 0 0 0 0 0 0 0 985 0 0 0 210 706 176 0 0 519 0 0 0 0 642 0 615 837 0 0 0 0 460 302 0 0 0 0 0 257 0 0 0 912 0 0 342 0 421 0 0 837 262 0 188 0 0 0 0 834 0 0 424 235 0 0 0 0 0 970 793 0 0 54 0 0 93 743 0 0 0 0 0 0 0 91 0 0 182 0 73 955 0 0 0 0 0 0 0 0 2 0 0 0 0 0 0 0 0 598 0 0 0 0 0 779 0 0 0 0 0 0 0 0 0 0 0 0 0 746 0 867 0 0 0 259 0 0 0 324 0 0 0 0 0 0 393 0 0 0 0 0 0 488 417 0
0 0 0 0 679 0 741 61 0 0 0 522 0 591 0 0 0 0 0 0 0 0 0 0 0 0 0 469 0 581 0 832 952 0 15 0 0 23 0 244 514 0 0 0 0 0 788 0 0 943 612 246 0 680 0 0 824 0 0 0 0 643 0 38 0 0 0 0 0 504 0 0 0 0 654 0 0 0 0 102 0 968 0 0 0 0 56 100 0 0 560 0 213 742 0 0 579 171 0 0 0 0 0 0 275 294 0 0 979 0 0 522 0 0 458 0 0 0 0 595 212 0 475 157 283 0 0 0 0 0 921 0 496 0 0 0 346 243 0 565 0 659 0 0 0 0 161 0 884 355 0 0 0 315 0 0 0 0 0 0 0 0 0 0 0 0 0 0 1000 0 168 0 0 0 0 0 0 323 596 0 439 550 850 0 0 0 468 0 0 601 207 0 0 910 0 0 499 683 0 59
6 0 0 0 0 0 911 0 0 553 0 0 0 0 268 0 284 0 0 0 0 192 830 0 0 0 845 0 581 0 895 0 0 0 0 0 0 0 0 0 0 0 0 0 0 126 213 0 0 0 440 0 92 34 72 0 0 0 0 0 0 20 0 860 0 382 0 0 0 987 0 0 0 0 0 0 277 0 360 0 0 728 0 539 0 0 0 0 302 0 0 0 951 0 765 0 0 0 0 0 529 0 0 0 0 0 0 0 0 0 0 0 0 0 887 0 0 793 784 0 398 0 475 0 0 0 0 487 0 0 0 908 0 0 0 639 0 664 0 282 0 432 0 280 0 925 801 0 0 0 306 0 0 0 0 0 0 341 669 0 0 0 0 0 873 0 0 0 499 0 0 0 567 0 0 0 492 0 0 0 0 0 0 0 569 0 0 0 684 0 0 795 0 0 677 0 0 0 0 799
167 0 0 0 0 0 0 0 0 0 505 0 527 286 0 0 712 0 0 0 0 0 75 861 730 0 689 0 0 895 0 487 0 0 0 0 471 515 0 889 0 0 0 226 0 84 101 887 0 0 0 0 0 556 0 0 0 0 924 0 0 179 0 750 350 0 77 0 962 378 0 0 390 724 0 0 0 0 0 609 0 0 0 0 0 0 842 0 0 0 0 0 0 0 456 0 922 0 868 246 0 133 397 0 0 610 691 0 0 0 287 0 0 713 0 609 0 0 0 0 23 0 829 0 0 117 0 0 0 661 0 0 0 0 0 0 0 0 776 0 188 406 0 0 281 0 0 0 0 588 909 970 0 307 925 34 810 0 0 0 0 0 0 813 0 0 816 0 0 817 0 0 0 701 496 305 838 0 0 0 0 0 0 0 0 0 0 0 0 0 0 441 0 433 0 271 0 0 0 0
0 874 0 673 0 0 0 710 0 935 0 0 886 0 0 0 0 0 5 0 0 0 699 246 0 0 0 846 832 0 487 0 87 0 0 0 0 0 0 649 0 0 0 0 0 0 415 674 0 0 0 0 911 873 890 663 0 0 986 0 0 477 0 0 0 0 0 0 0 255 0 0 512 608 0 0 0 0 0 0 0 0 0 871 0 0 0 0 0 763 368 305 794 821 0 0 194 0 406 944 0 0 0 0 0 0 793 0 0 0 0 0 0 0 0 0 0 0 0 0 0 0 0 0 0 130 728 179 0 0 0 0 0 0 152 0 245 0 0 0 0 723 0 0 0 0 0 0 0 0 0 0 613 0 0 0 0 0 0 0 0 319 0 133 0 0 0 0 974 0 0 0 0 374 0 0 0 0 0 0 464 0 0 0 0 671 0 233 0 0 0 0 0 0 916 0 0 77 0 0
0 0 0 0 0 826 0 0 0 0 0 876 0 0 0 669 0 1000 0 0 0 0 0 0 0 169 642 0 952 0 0 87 0 917 0 0 403 0 376 0 0 0 31 0 0 202 0 0 595 0 60 249 0 747 0 848 749 0 0 212 0 0 0 738 0 0 0 0 0 0 0 0 0 0 0 0 748 522 0 0 808 0 0 298 233 0 0 0 0 967 0 416 0 0 0 527 0 0 0 0 263 559 0 518 0 198 648 0 678 0 0 0 0 0 0 0 0 642 0 933 278 675 0 220 0 721 0 0 0 559 0 0 0 0 0 0 0 964 0 272 0 944 0 923 219 860 0 478 829 0 0 0 0 613 0 215 0 0 0 686 0 0 0 0 0 0 689 0 191 988 0 0 591 882 834 288 0 363 0 0 0 0 190 192 82 378 553 0 0 97 474 0 102 0 360 0 0 720 0 884
0 36 0 0 0 0 0 0 528 0 0 0 0 0 794 0 0 0 0 0 0 0 0 327 369 0 898 0 0 0 0 0 917 0 239 0 0 651 244 0 159 0 0 0 0 660 0 0 0 0 0 0 696 260 0 0 0 0 0 0 693 146 0 0 0 107 720 0 0 350 0 0 0 0 0 214 17 82 116 0 0 386 381 0 744 0 0 0 0 0 0 0 0 0 0 0 0 0 0 0 0 0 0 711 217 965 0 0 0 0 63 737 0 531 0 0 496 0 887 0 61 0 734 0 327 0 0 952 0 0 0 0 0 534 0 0 0 172 896 0 0 0 0 0 0 115 0 0 0 660 80 0 0 0 692 0 0 0 341 246 0 0 0 193 0 0 467 0 969 0 961 0 0 704 6 0 37 819 624 0 0 0 130 0 0 0 60 0 0 728 307 0 0 0 0 0 0 0 0 0
0 0 0 0 0 904 0 0 0 0 0 0 56 0 718 0 0 0 0 0 0 0 0 15 0 0 0 0 15 0 0 0 0 239 0 303 10 0 0 0 0 0 0 0 0 300 0 0 0 0 0 0 0 0 0 0 0 895 0 0 0 0 0 0 0 0 0 0 42 0 0 494 0 0 560 0 0 0 0 389 0 0 697 767 0 0 0 0 0 0 87 0 0 0 446 475 0 0 0 466 0 229 0 0 446 0 0 0 0 0 717 0 53 0 0 0 0 718 385 400 337 0 0 123 0 691 0 260 0 0 173 0 0 0 0 0 0 674 0 0 0 0 0 0 166 0 0 0 0 0 0 0 641 879 0 0 413 0 0 0 364 0 0 0 0 821 0 502 0 267 0 321 0 0 419 799 0 0 0 0 0 0 0 0 434 104 0 52 0 973 0 0 0 738 0 0 0 0 0 753
0 0 0 0 0 565 0 0 0 474 0 0 0 542 0 0 0 0 0 0 0 0 0 57 0 871 0 0 0 0 0 0 0 0 303 0 370 167 176 0 45 0 0 0 0 0 0 0 0 0 0 0 0 0 0 122 0 0 0 0 252 0 932 687 153 738 0 0 0 0 0 0 0 0 0 0 0 0 0 0 0 0 0 0 419 0 136 0 0 38 0 0 0 6 0 0 0 512 0 426 0 0 712 955 0 0 0 0 0 0 0 0 138 249 0 0 0 209 0 0 0 0 0 0 0 0 0 0 0 0 0 699 0 123 913 0 702 0 0 0 0 0 0 514 0 0 0 0 0 0 0 0 0 0 457 0 134 642 962 0 0 0 0 0 0 249 0 0 170 815 660 0 0 841 40 0 0 549 0 0 264 0 951 0 422 0 0 0 0 79 568 0 0 0 0 0 0 0 788 598
0 0 0 543 0 384 0 586 188 0 0 0 693 0 0 0 0 0 177 0 0 0 0 0 0 576 0 0 0 0 471 0 403 0 10 370 0 807 563 0 0 0 0 393 0 0 0 0 0 24 0 733 0 0 0 0 799 852 708 72 0 0 198 0 0 0 81 0 22 0 0 0 472 870 0 0 0 0 0 756 0 0 0 0 0 0 915 0 0 416 0 0 0 0 0 117 0 0 0 583 0 0 586 0 0 0 965 0 61 0 0 0 0 0 0 0 0 0 490 0 945 0 0 0 0 642 0 135 0 0 0 461 0 658 0 0 0 0 0 0 0 0 856 0 380 256 0 0 0 0 578 616 166 437 0 0 0 0 0 0 549 0 0 0 0 0 0 0 0 0 0 0 0 0 848 0 0 0 0 0 0 944 0 0 217 851 0 0 0 78 937 0 0 0 0 0 361 683 0 0
231 0 0 0 577 0 811 802 778 0 0 0 0 0 0 369 239 34 0 40 569 259 166 0 230 0 914 0 23 0 515 0 0 651 0 167 807 0 321 0 0 0 531 0 340 0 0 338 0 0 0 0 0 0 0 922 0 0 803 393 0 266 0 0 0 0 0 0 0 0 0 0 0 195 778 828 0 984 0 0 0 0 0 0 0 0 0 90 0 0 987 0 0 0 0 0 187 0 0 599 0 0 0 38 0 0 0 0 580 0 0 706 0 0 455 573 0 550 836 328 0 0 300 0 0 0 860 0 0 883 0 99 0 0 94 0 0 589 103 0 0 172 249 246 0 0 0 0 0 130 0 567 671 0 0 0 0 0 0 125 137 0 0 0 0 0 0 0 0 0 0 74 237 0 0 764 0 850 220 356 0 0 0 0 5 0 0 0 868 450 915 0 0 772 0 17 0 427 0 0
0 0 0 384 630 0 0 0 0 0 339 0 0 320 0 0 0 910 0 0 0 538 0 774 131 0 828 571 0 0 0 0 376 244 0 176 563 321 0 34 0 0 0 0 0 0 0 0 984 0 0 0 0 0 0 0 0 672 0 383 0 831 0 0 657 676 0 0 0 0 0 414 0 0 0 763 0 0 23 0 669 989 193 0 683 1000 0 348 730 0 0 0 0 0 0 0 0 0 0 0 626 367 615 0 0 0 85 0 0 419 0 0 0 0 0 248 0 0 0 0 0 0 0 475 0 0 0 0 0 0 0 418 0 0 0 0 0 0 0 461 0 0 0 773 0 0 0 967 0 0 0 0 213 0 268 0 0 0 0 0 0 767 563 0 0 0 0 0 116 0 0 0 0 0 0 0 0 0 0 0 437 750 0 0 0 0 0 0 87 0 737 0 0 0 0 519 762 0 0 0
0 0 0 10 0 0 0 0 144 0 0 0 500 273 424 0 0 38 0 256 0 0 0 0 0 0 0 302 244 0 889 649 0 0 0 0 0 0 34 0 323 0 63 0 430 334 0 169 0 0 0 397 657 0 714 0 0 0 0 0 656 0 0 917 0 0 902 0 0 0 0 203 0 794 0 0 0 0 0 0 0 0 0 0 0 563 0 0 0 439 0 0 0 0 182 0 0 0 32 0 0 0 0 0 0 0 0 603 776 0 0 246 0 0 0 0 0 0 361 0 174 0 0 0 0 0 24 0 475 0 941 106 0 276 0 0 437 551 0 199 0 0 0 0 0 0 0 0 0 0 0 0 0 0 0 0 0 0 0 0 0 0 0 0 0 0 780 0 246 0 911 0 0 0 0 0 0 0 613 0 506 0 0 400 897 0 0 0 0 85 0 0 0 0 0 867 0 0 0 0
0 0 0 0 0 0 0 0 0 0 0 0 0 853 0 615 0 264 941 938 0 0 754 0 0 0 0 0 514 0 0 0 0 159 0 45 0 0 0 323 0 68 0 0 0 0 0 0 0 0 802 0 0 29 0 0 0 0 0 0 868 0 0 0 860 0 0 0 0 81 0 0 0 0 106 825 0 430 0 0 0 0 0 0 0 894 0 0 302 0 0 0 0 0 0 862 0 0 0 0 837 0 0 0 0 0 0 160 161 0 402 0 0 0 518 0 0 0 0 0 0 0 0 0 0 0 0 0 0 0 428 307 0 0 940 601 0 0 0 0 0 198 19 319 0 0 0 0 741 0 0 0 0 0 0 0 292 0 0 0 885 0 0 0 0 0 110 0 273 0 0 0 0 928 0 0 0 207 98 0 0 882 0 707 0 0 723 0 0 147 738 509 492 603 909 0 0 0 0 0
328 0 0 0 0 727 0 0 0 0 542 0 0 0 0 0 0 0 0 748 0 45 0 0 757 0 93 0 0 0 0 0 0 0 0 0 0 0 0 0 68 0 672 0 0 0 0 0 0 0 0 0 0 0 577 0 356 0 0 585 0 0 0 0 0 0 241 0 0 421 703 0 0 0 284 0 0 0 0 0 0 0 0 0 753 0 325 0 0 0 0 0 776 0 0 0 0 645 0 0 768 0 0 0 654 0 0 0 0 0 0 692 0 573 0 989 915 0 469 854 0 0 0 0 0 0 0 0 0 904 21 865 0 0 0 14 107 0 0 0 0 606 502 0 0 0 0 0 30 0 0 738 420 0 104 865 0 21 0 863 0 0 0 0 0 0 0 0 0 0 993 0 0 917 0 0 31 0 0 834 0 960 0 0 0 0 0 538 689 235 0 0 0 0 476 0 0 0 0 0
577 0 496 0 0 0 0 518 0 0 0 0 0 508 0 717 0 0 0 0 483 0 0 0 367 0 0 0 0 0 0 0 31 0 0 0 0 531 0 63 0 672 0 531 0 0 0 0 0 0 716 782 0 0 0 0 0 0 0 0 0 0 0 0 0 162 0 0 0 760 451 0 0 0 0 305 690 0 0 0 0 0 0 283 0 34 0 0 705 55 662 0 0 0 0 69 0 0 0 0 536 0 0 0 0 0 0 19 426 0 0 951 0 852 0 653 901 0 0 0 589 0 0 0 0 0 531 762 40 760 0 38 0 0 0 0 0 0 0 0 0 0 0 446 0 0 0 0 0 0 0 0 875 0 867 0 0 0 969 0 0 0 0 0 0 0 958 273 0 0 0 184 0 0 0 0 0 777 0 0 0 0 0 974 0 506 391 0 0 0 71 822 0 0 561 0 201 0 0 387
137 196 0 0 968 0 0 0 332 0 271 0 0 0 0 0 134 0 0 0 820 0 0 472 0 926 0 0 0 0 226 0 0 0 0 0 393 0 0 0 0 0 531 0 264 673 0 0 353 902 0 0 0 0 784 0 0 0 605 0 0 0 0 726 52 647 0 0 572 0 0 0 283 0 748 0 0 0 0 0 0 0 0 0 0 0 0 445 0 305 0 0 40 467 777 0 323 329 0 0 0 0 0 0 356 0 79 0 0 0 0 0 0 783 0 0 0 0 0 0 0 857 0 452 441 942 0 0 0 0 0 0 0 0 0 0 847 191 87 0 0 0 0 200 0 0 863 0 0 0 0 0 0 0 946 0 496 0 0 0 0 0 984 249 454 0 0 0 0 54 0 0 0 35 826 0 0 0 462 0 0 0 0 403 0 0 0 811 0 0 0 0 0 0 0 0 0 0 0 313
269 164 16 0 412 0 0 426 0 639 0 0 0 514 0 0 0 0 773 0 146 0 0 339 637 0 902 0 0 0 0 0 0 0 0 0 0 340 0 430 0 0 0 264 0 207 0 0 712 0 0 0 0 0 0 0 0 0 872 0 0 418 0 0 0 0 0 0 0 0 0 897 0 0 0 0 0 0 726 0 103 436 577 0 0 0 0 0 0 0 0 622 0 425 0 932 0 0 697 521 0 0 0 121 0 0 771 0 0 0 0 0 0 0 0 0 0 0 0 0 138 0 0 0 0 349 0 0 0 48 0 0 0 0 0 186 0 0 0 0 346 0 0 0 0 338 0 813 378 0 0 0 300 0 0 675 0 0 0 0 0 719 582 0 0 0 0 0 0 0 0 0 474 786 727 466 0 0 0 0 586 774 0 0 0 0 360 0 0 762 0 0 0 0 0 0 627 419 0 0
683 0 151 0 0 809 0 989 0 0 0 0 0 0 0 356 0 0 0 0 0 0 291 0 0 0 0 0 0 126 84 0 202 660 300 0 0 0 0 334 0 0 0 673 207 0 252 721 0 0 0 0 909 0 0 0 0 777 0 305 0 0 903 0 0 0 0 0 0 962 0 0 0 846 0 0 0 0 960 631 572 709 0 0 238 61 644 0 0 0 0 0 648 0 0 0 0 877 0 718 0 0 0 0 0 0 0 0 0 0 264 0 892 0 0 781 0 0 0 0 0 407 0 0 0 456 0 0 0 335 0 0 0 730 0 153 385 0 0 0 685 0 0 0 0 0 0 736 0 831 0 0 0 563 0 0 0 0 0 0 979 0 143 0 0 382 0 0 0 594 0 499 383 540 0 0 0 0 0 0 0 0 669 0 0 0 0 0 15 560 0 0 0 0 0 0 0 0 0 0
0 767 981 194 485 136 0 744 0 0 0 0 0 0 0 0 0 0 0 0 0 326 0 0 0 0 0 0 788 213 101 415 0 0 0 0 0 0 0 0 0 0 0 0 0 252 0 61 846 0 0 0 0 667 0 0 0 0 0 0 0 0 453 458 0 691 0 0 0 0 0 326 996 0 0 0 0 123 0 557 0 437 0 0 0 0 0 0 0 0 745 0 452 0 0 0 0 626 0 329 577 0 0 0 0 798 0 780 102 734 0 0 355 0 0 0 305 596 724 222 0 0 0 0 0 0 125 713 193 558 145 0 0 0 850 0 0 0 978 0 815 0 0 0 0 0 0 0 0 81 926 0 0 0 0 275 194 0 0 977 0 0 0 0 0 0 871 0 0 0 219 0 469 734 0 0 0 0 0 0 0 0 0 0 0 0 0 0 586 0 0 685 0 0 0 958 0 0 0 819
888 690 0 478 0 0 19 0 309 0 0 15 0 0 0 0 0 109 0 0 0 0 0 0 0 0 305 0 0 0 887 674 0 0 0 0 0 338 0 169 0 0 0 0 0 721 61 0 148 0 0 0 648 0 0 0 0 0 0 307 0 0 642 943 810 0 260 0 0 734 0 0 0 0 0 0 0 0 0 0 0 0 0 889 0 313 0 0 0 609 181 883 0 0 307 0 0 0 0 304 0 0 744 0 0 0 0 0 0 0 0 410 381 0 933 0 0 0 0 745 607 0 0 0 0 0 0 0 0 0 0 605 0 336 696 0 0 0 0 895 0 0 753 0 0 0 552 0 0 0 0 0 0 0 665 0 0 0 0 0 0 0 0 0 0 0 0 0 0 0 400 0 0 439 61 0 0 891 0 405 695 340 963 0 0 0 561 0 0 0 529 0 766 993 0 0 0 0 0 0
0 0 0 0 772 0 587 0 0 0 0 409 0 0 0 0 0 0 0 0 0 0 0 596 0 0 0 0 0 0 0 0 595 0 0 0 0 0 984 0 0 0 0 353 712 0 846 148 0 463 143 0 0 0 0 0 848 422 0 0 0 0 0 0 0 959 0 0 0 0 0 0 0 0 0 0 0 0 0 471 0 0 12 0 0 0 0 0 0 0 239 0 222 0 0 418 398 437 619 386 0 0 0 483 0 0 618 0 0 0 0 0 876 667 0 510 610 277 0 0 0 0 103 0 0 89 0 0 0 833 0 0 0 0 0 0 0 0 0 686 0 786 0 555 0 0 0 0 0 0 0 0 0 0 0 0 185 0 201 0 677 0 0 0 0 186 0 0 0 0 484 0 0 0 0 0 145 873 0 134 0 0 0 0 0 0 120 987 0 0 0 0 0 0 0 688 343 595 0 0
0 0 0 0 0 157 0 932 0 0 993 0 709 0 0 445 355 0 0 0 0 0 0 0 0 0 0 0 943 0 0 0 0 0 0 0 24 0 0 0 0 0 0 902 0 0 0 0 463 0 306 0 0 0 0 0 0 496 0 0 0 0 185 0 269 871 202 0 0 0 0 0 0 0 0 0 634 0 720 0 500 0 0 0 0 898 0 0 0 644 0 53 718 0 690 0 0 0 0 0 0 0 0 0 0 0 0 767 0 0 0 0 0 380 0 0 0 562 158 0 175 0 511 0 0 0 0 0 0 0 0 7 0 0 0 0 0 0 0 0 0 0 0 0 691 0 0 0 0 587 0 693 0 0 988 463 0 34 0 342 0 0 0 0 638 0 0 0 0 0 0 456 184 0 895 0 0 746 762 0 0 0 0 859 702 0 0 0 0 0 0 751 0 601 0 0 0 0 0 935
895 0 0 225 842 0 0 0 0 0 0 0 0 0 0 0 0 798 0 0 731 0 0 0 939 616 0 0 612 440 0 0 60 0 0 0 0 0 0 0 802 0 716 0 0 0 0 0 143 306 0 521 0 0 0 0 0 0 0 0 58 0 921 513 0 0 0 48 0 0 437 0 937 0 0 384 776 0 0 0 0 0 0 0 0 941 0 0 85 864 0 421 0 737 0 0 0 194 670 286 638 217 0 0 0 695 0 0 735 0 0 665 586 0 0 0 0 0 0 0 0 851 838 236 0 0 898 0 560 0 0 155 302 0 0 0 0 0 0 508 0 0 0 0 0 0 0 744 657 0 0 519 0 0 646 0 0 707 785 0 0 0 949 0 0 0 976 369 0 569 0 0 0 0 0 0 573 0 292 0 0 0 0 0 522 0 0 0 887 910 0 0 0 274 0 955 840 744 0 0
604 0 132 0 548 0 0 342 0 96 0 929 445 761 0 0 0 0 0 671 332 0 0 0 808 0 0 0 246 0 0 0 249 0 0 0 733 0 0 397 0 0 782 0 0 0 0 0 0 0 521 0 661 953 0 0 0 0 500 0 0 0 0 0 0 0 161 0 0 0 0 337 0 171 0 0 0 0 0 808 0 0 0 12 110 574 0 0 89 0 226 630 0 0 0 0 541 0 0 326 0 0 0 0 143 0 0 0 0 0 110 0 0 258 0 0 0 0 0 533 18 855 0 0 0 0 0 0 0 778 0 0 111 0 0 799 502 0 0 379 0 0 0 0 0 0 0 325 556 0 0 0 0 0 0 307 0 0 0 0 0 0 617 361 0 0 0 0 0 695 0 0 0 0 0 588 0 0 0 0 0 0 0 0 0 729 539 0 0 0 891 780 272 0 947 0 0 407 458 0
0 0 939 0 39 0 0 868 0 0 0 0 0 563 0 471 11 0 0 0 0 0 759 0 666 491 229 0 0 92 0 911 0 696 0 0 0 0 0 657 0 0 0 0 0 909 0 648 0 0 0 661 0 863 158 106 0 333 0 0 0 213 0 415 0 0 0 0 0 0 218 0 0 0 0 0 0 0 0 0 0 0 0 332 0 0 0 926 0 190 0 849 0 496 0 0 0 0 0 0 528 0 89 0 0 0 479 441 279 0 0 0 144 342 0 0 0 0 0 0 0 0 0 643 0 0 0 0 0 0 0 0 202 0 904 587 0 0 0 589 80 594 0 0 0 0 0 0 0 0 464 0 512 0 0 0 0 0 0 0 0 0 0 0 57 38 44 708 0 0 291 156 0 0 0 173 0 0 250 552 188 0 0 474 0 507 316 0 0 0 0 0 0 0 0 976 62 104 0 391
106 0 789 0 806 0 0 381 0 463 0 514 0 0 0 596 0 622 0 906 0 0 0 0 180 0 0 0 680 34 556 873 747 260 0 0 0 0 0 0 29 0 0 0 0 0 667 0 0 0 0 953 863 0 62 975 0 0 0 0 0 0 0 613 444 304 0 321 0 765 202 812 0 0 0 779 0 628 83 0 0 831 92 0 0 0 486 0 0 661 0 0 54 737 0 0 968 0 994 79 0 0 0 0 0 0 0 76 0 0 268 0 340 0 0 857 0 0 0 0 0 0 0 0 0 0 657 922 526 605 0 0 726 0 0 832 0 648 0 297 0 0 380 0 0 325 0 0 0 620 0 710 0 618 0 796 0 0 0 0 0 0 818 0 0 0 0 0 0 618 0 972 411 0 950 0 0 0 0 0 605 0 578 0 174 0 0 564 0 0 0 0 0 0 671 1 246 659 963 998
0 0 0 72 0 0 826 153 731 0 630 0 0 0 0 769 0 0 0 740 10 0 0 689 165 0 0 985 0 72 0 890 0 0 0 0 0 0 0 714 0 577 0 784 0 0 0 0 0 0 0 0 158 62 0 979 484 0 0 331 705 0 0 801 0 0 481 992 0 919 0 0 232 0 0 0 0 0 0 0 0 809 0 0 0 132 0 0 0 0 901 200 0 0 0 0 712 0 0 290 0 0 886 0 0 0 0 20 779 0 0 0 0 168 725 598 0 0 0 0 0 0 938 0 729 0 0 0 0 0 573 695 0 0 0 427 0 0 0 0 0 0 0 0 0 0 0 0 0 224 0 862 0 532 0 159 0 877 816 957 0 433 0 0 0 0 823 0 807 0 0 0 0 0 0 132 0 3 314 0 0 710 0 591 0 0 0 24 6 290 0 0 453 0 0 0 0 0 16 0
600 0 446 615 0 0 375 0 0 0 703 919 0 0 827 0 0 0 0 119 305 0 0 985 0 913 0 0 0 0 0 663 848 0 0 122 0 922 0 0 0 0 0 0 0 0 0 0 0 0 0 0 106 975 979 0 657 0 0 0 661 0 0 979 0 608 145 765 0 728 0 693 0 0 0 0 0 0 0 964 0 147 901 0 0 0 645 609 0 312 0 0 0 0 0 0 960 0 455 0 766 0 0 961 0 0 81 167 0 0 0 955 841 0 0 0 370 358 0 222 0 0 0 0 0 699 0 868 0 0 0 0 0 371 0 0 0 0 0 554 24 287 0 566 318 0 563 0 0 763 0 705 0 0 0 0 159 0 0 207 0 0 0 0 428 0 567 0 121 0 0 0 0 146 932 0 0 379 0 648 915 0 0 0 0 0 0 0 0 0 0 0 564 783 0 0 837 0 0 267
0 148 157 82 734 0 0 0 0 0 0 0 0 0 0 0 0 0 0 0 649 0 0 0 0 0 0 0 824 0 0 0 749 0 0 0 799 0 0 0 0 356 0 0 0 0 0 0 848 0 0 0 0 0 484 657 0 630 0 368 0 817 0 0 0 0 169 0 0 0 0 0 0 0 0 0 698 0 0 0 0 767 0 0 0 0 0 0 0 9 0 93 261 0 22 0 0 808 0 0 649 706 0 500 0 646 0 0 0 0 0 0 24 0 861 0 701 0 0 0 0 0 0 878 0 0 0 0 599 691 413 0 0 0 184 0 0 737 944 424 795 710 0 0 231 0 0 0 232 0 0 0 268 0 0 0 0 0 0 264 715 745 0 96 0 0 918 0 768 0 0 0 571 0 0 0 651 0 0 308 0 0 0 0 380 316 0 0 816 0 0 0 0 0 945 0 0 0 327 0
0 0 0 0 0 0 0 18 402 0 0 0 531 0 0 521 0 749 843 0 763 710 454 0 802 0 763 0 0 0 0 0 0 0 895 0 852 0 672 0 0 0 0 0 0 777 0 0 422 496 0 0 333 0 0 0 630 0 96 346 0 0 0 0 0 751 0 943 0 0 0 275 0 0 809 0 635 0 0 527 0 0 0 861 0 381 0 0 0 0 0 437 0 60 0 0 988 0 0 0 0 0 647 0 0 0 0 400 0 0 0 0 251 0 0 0 118 0 0 0 0 0 0 0 0 0 0 0 0 0 0 0 891 0 0 666 864 32 0 0 0 0 0 55 0 882 0 0 445 0 0 0 0 0 0 0 0 0 497 0 15 0 0 392 901 773 0 0 0 0 0 0 0 0 727 0 32 0 0 0 0 0 796 0 0 212 248 0 0 0 0 302 0 0 0 244 0 627 0 429
0 592 0 613 420 0 373 762 0 0 653 0 516 0 0 0 0 656 0 241 0 0 0 0 0 633 0 210 0 0 924 986 0 0 0 0 708 803 0 0 0 0 0 605 872 0 0 0 0 0 0 500 0 0 0 0 0 96 0 125 0 0 0 0 0 180 0 0 0 0 0 0 50 0 0 80 191 0 0 664 154 0 0 0 824 0 622 608 885 0 292 812 0 0 0 959 0 0 0 7 0 73 0 0 0 0 0 0 0 0 0 0 0 0 0 0 0 0 0 0 0 0 97 0 772 0 0 0 0 872 0 0 0 291 893 329 0 0 0 0 890 0 327 0 319 0 0 0 0 0 948 0 0 0 409 0 0 0 0 0 0 0 0 457 0 912 0 505 901 0 0 0 0 0 306 995 159 0 0 807 0 0 0 0 0 121 202 0 810 0 790 91 674 0 0 0 0 0 0 878
0 912 0 0 894 959 0 490 0 0 0 0 567 0 0 0 712 408 0 0 0 543 667 0 0 0 0 706 0 0 0 0 212 0 0 0 72 393 383 0 0 585 0 0 0 305 0 307 0 0 0 0 0 0 331 0 368 346 125 0 562 715 451 480 255 0 472 0 345 899 0 0 0 0 0 770 0 0 888 0 0 0 0 0 0 203 240 0 0 0 0 0 0 0 0 0 0 697 0 29 0 0 0 544 0 173 0 0 0 0 0 0 20 899 0 0 19 0 0 388 0 0 0 920 0 0 0 727 0 0 960 0 0 0 0 216 0 0 932 0 222 0 834 900 0 0 204 613 0 0 0 0 0 0 715 0 775 0 0 0 0 0 0 0 769 0 0 0 0 0 0 318 482 0 0 0 0 0 0 655 912 0 475 0 0 0 407 0 0 0 0 0 0 0 0 0 572 701 923 0
0 0 0 0 0 36 0 0 0 0 0 0 0 0 0 549 211 985 0 0 168 0 0 0 0 0 0 176 0 0 0 0 0 693 0 252 0 0 0 656 868 0 0 0 0 0 0 0 0 0 58 0 0 0 705 661 0 0 0 562 0 990 0 0 627 539 0 0 0 0 0 792 0 590 0 0 0 0 169 0 938 0 0 0 0 909 0 0 0 0 511 0 0 0 0 0 417 0 465 0 0 0 0 740 655 632 0 0 0 529 905 0 0 0 194 0 607 0 48 0 0 211 492 293 0 384 0 0 784 0 0 280 0 0 0 0 686 0 0 0 0 0 0 531 0 0 318 0 928 0 0 0 321 0 0 133 0 0 0 173 217 0 0 894 0 0 870 0 0 0 352 759 0 144 0 0 33 660 0 0 0 0 0 0 0 784 0 350 0 806 0 0 0 0 842 736 0 0 0 985
0 0 71 0 0 632 0 595 0 0 364 0 0 0 0 0 0 235 843 529 893 0 0 377 166 0 0 0 643 20 179 477 0 146 0 0 0 266 831 0 0 0 0 0 418 0 0 0 0 0 0 0 213 0 0 0 817 0 0 715 990 0 963 480 0 0 0 0 0 0 68 0 0 0 0 0 0 0 484 0 0 0 0 0 824 0 0 0 720 0 0 0 0 352 665 0 0 740 0 0 0 0 0 0 0 0 521 0 575 0 0 0 0 0 0 0 420 0 995 0 0 801 571 0 992 0 642 0 729 0 157 0 0 0 642 0 0 0 0 0 219 0 0 0 87 0 0 0 0 0 0 0 0 0 0 0 527 0 0 0 831 0 447 0 0 0 0 0 0 97 0 377 769 0 256 604 0 0 0 251 0 0 0 0 0 0 412 0 0 0 202 774 0 0 767 82 945 0 0 846
0 672 0 0 624 853 0 0 538 340 0 116 0 34 392 0 0 815 38 0 0 0 0 0 0 0 633 0 0 0 0 0 0 0 0 932 198 0 0 0 0 0 0 0 0 903 453 642 0 185 921 0 0 0 0 0 0 0 0 451 0 963 0 648 0 0 996 0 269 0 0 242 0 878 345 0 0 558 0 0 895 0 0 0 968 0 0 0 0 0 777 760 0 0 0 604 822 0 0 0 0 0 0 0 0 213 130 0 0 373 0 0 0 0 0 0 0 0 265 0 0 9 0 478 865 109 0 0 0 0 0 0 0 0 0 210 0 0 0 0 0 10 119 0 967 48 0 0 0 425 0 0 561 91 0 0 0 0 0 0 330 0 0 0 0 388 493 675 329 0 563 470 0 0 0 194 0 0 217 341 805 0 0 904 854 65 767 0 0 0 0 0 0 775 0 0 0 0 501 0
334 324 833 0 0 0 740 608 0 0 0 0 0 0 0 0 0 306 671 980 0 0 0 0 0 0 0 519 38 860 750 0 738 0 0 687 0 0 0 917 0 0 0 726 0 0 458 943 0 0 513 0 415 613 801 979 0 0 0 480 0 480 648 0 907 701 0 0 0 935 0 0 0 0 575 0 0 0 466 0 0 0 0 0 0 784 0 391 0 0 603 0 0 0 0 0 0 536 424 0 0 0 0 0 183 73 0 457 0 255 286 0 532 0 0 0 0 0 0 0 0 0 0 0 0 0 0 0 0 0 0 0 0 0 0 0 0 602 0 0 0 0 157 0 835 0 0 92 980 0 0 989 0 630 0 0 0 0 239 0 0 0 292 0 0 0 933 0 262 19 0 928 749 0 439 0 0 0 0 0 621 0 919 0 802 0 903 0 0 0 824 893 0 938 0 229 0 0 0 0
681 0 846 0 0 0 0 966 0 0 0 0 340 0 0 0 664 0 0 0 138 0 0 914 0 0 0 0 0 0 350 0 0 0 0 153 0 0 657 0 860 0 0 52 0 0 0 810 0 269 0 0 0 444 0 0 0 0 0 255 627 0 0 907 0 202 976 0 696 0 0 0 0 0 837 0 171 259 0 0 0 482 0 300 0 0 0 0 0 0 859 0 44 0 302 0 973 607 0 0 0 11 360 0 0 825 0 56 0 724 0 0 0 86 836 122 453 539 0 0 0 0 0 0 0 0 0 0 359 594 0 0 0 0 0 0 0 0 0 0 0 0 0 0 0 520 0 0 0 0 0 0 920 236 0 0 0 0 0 0 0 428 0 0 0 0 514 369 17 0 652 0 0 12 0 204 518 185 0 0 586 0 0 84 0 224 0 250 551 0 0 0 0 0 0 0 0 0 0 0
0 901 33 0 129 246 544 0 0 0 0 0 75 783 0 890 0 0 0 0 0 64 0 0 602 0 0 0 0 382 0 0 0 107 0 738 0 0 676 0 0 0 162 647 0 0 691 0 959 871 0 0 0 304 0 608 0 751 180 0 539 0 0 701 202 0 302 843 651 0 0 0 0 0 0 932 0 0 0 0 0 865 0 0 0 648 0 0 409 0 0 0 0 0 0 386 0 635 0 218 0 0 924 0 0 78 93 0 802 280 0 0 0 344 0 0 0 0 0 230 758 958 0 0 0 0 0 0 0 324 973 0 0 0 0 0 0 0 0 278 0 983 948 0 0 997 0 0 0 0 0 0 119 275 0 97 0 905 0 0 0 713 0 0 632 0 0 5 0 0 399 0 0 0 0 0 0 0 0 105 0 569 0 97 0 0 243 0 0 0 0 0 0 0 0 0 0 0 0 0
0 0 339 0 0 194 529 772 0 0 0 384 74 0 487 255 0 0 0 264 457 0 0 0 0 96 0 0 0 0 77 0 0 720 0 0 81 0 0 902 0 241 0 0 0 0 0 260 0 202 0 161 0 0 481 145 169 0 0 472 0 0 996 0 976 302 0 628 0 0 885 481 0 545 716 303 0 0 0 8 333 146 0 0 0 0 429 0 352 82 0 529 0 0 142 928 0 0 0 0 0 0 0 0 0 0 0 0 0 0 0 0 0 905 5 0 0 542 172 0 864 851 0 0 824 0 0 328 0 0 0 0 551 952 0 0 0 0 0 0 0 0 0 694 0 0 0 922 358 0 0 0 184 605 0 290 0 112 642 0 0 0 386 0 0 0 248 0 0 915 172 818 681 0 0 465 0 0 0 0 0 0 0 0 973 226 227 0 0 0 0 0 0 0 0 0 0 0 0 529
0 838 0 0 0 203 88 0 0 931 0 126 204 2 0 108 0 0 0 495 285 0 147 0 0 0 0 0 0 0 0 0 0 0 0 0 0 0 0 0 0 0 0 0 0 0 0 0 0 0 48 0 0 321 992 765 0 943 0 0 0 0 0 0 0 843 628 0 360 396 0 635 0 0 0 0 0 0 0 0 0 0 0 0 0 0 0 0 0 0 0 379 0 0 0 0 0 0 0 0 0 0 590 0 0 923 599 0 371 603 0 0 846 0 0 0 69 787 0 525 71 0 160 0 0 0 0 360 0 22 753 0 0 0 795 0 0 131 0 945 0 0 0 0 0 0 84 0 875 0 0 0 642 0 902 0 0 114 0 0 0 896 73 0 0 364 0 392 0 126 0 686 0 0 209 0 0 49 0 0 0 0 85 533 0 953 0 0 755 347 0 744 0 0 0 0 0 0 0 443
0 0 0 0 0 994 0 437 0 0 0 0 0 238 0 0 0 706 592 0 0 0 0 0 0 0 0 642 0 0 962 0 0 0 42 0 22 0 0 0 0 0 0 572 0 0 0 0 0 0 0 0 0 0 0 0 0 0 0 345 0 0 269 0 696 651 0 360 0 623 0 677 226 773 0 0 0 0 0 0 0 6 769 0 0 0 0 0 0 0 927 0 0 0 0 0 0 0 0 0 0 0 0 299 0 0 631 195 0 0 0 0 0 0 0 0 0 0 457 0 0 85 0 744 46 0 356 0 14 986 0 185 0 0 0 652 0 0 0 480 0 0 831 195 76 0 168 0 280 0 0 0 0 0 0 591 183 0 0 0 0 0 0 0 0 0 0 0 545 0 0 835 0 0 0 50 0 119 614 0 0 37 0 196 0 0 617 612 0 0 0 0 853 41 0 0 644 0 0 410
0 0 0 0 803 34 328 0 0 0 0 0 0 523 136 302 0 0 0 535 550 0 609 91 0 103 942 0 504 987 378 255 0 350 0 0 0 0 0 0 81 421 760 0 0 962 0 734 0 0 0 0 0 765 919 728 0 0 0 899 0 0 0 935 0 0 0 396 623 0 13 566 0 0 0 0 715 0 0 591 314 687 0 0 0 834 0 0 0 0 0 0 0 0 0 496 0 0 0 0 0 0 0 0 0 0 817 734 0 0 910 429 0 445 840 0 0 442 0 996 0 0 134 0 595 726 0 0 0 69 0 696 0 0 0 262 0 0 0 0 223 0 0 0 376 0 0 0 0 372 587 0 0 229 0 0 926 567 0 0 0 0 0 591 0 0 821 0 602 0 0 0 0 83 828 0 0 0 34 0 46 0 0 0 946 0 0 900 0 0 0 958 0 0 524 0 0 0 482 0
631 0 0 0 418 0 0 0 0 0 0 0 0 510 82 0 0 0 0 0 0 0 0 0 281 0 48 615 0 0 0 0 0 0 0 0 0 0 0 0 0 703 451 0 0 0 0 0 0 0 437 0 218 202 0 0 0 0 0 0 0 68 0 0 0 0 885 0 0 13 0 682 0 0 567 0 0 0 0 0 0 617 0 0 113 9 0 278 0 0 987 0 0 677 0 0 325 0 0 0 0 0 0 0 0 0 0 0 0 0 0 0 0 0 0 0 937 0 0 91 520 0 0 831 0 0 0 758 0 0 469 630 0 0 0 109 0 0 557 210 0 0 546 0 0 876 119 0 0 0 0 0 837 0 0 0 636 526 190 645 0 0 0 0 502 103 0 0 686 482 715 0 0 307 800 0 0 0 0 78 763 0 492 625 0 0 961 0 0 0 245 697 0 0 311 0 0 274 0 0
628 937 0 0 0 0 521 0 0 0 0 0 296 0 437 327 243 0 0 0 0 0 0 731 0 212 0 837 0 0 0 0 0 0 494 0 0 0 414 203 0 0 0 0 897 0 326 0 0 0 0 337 0 812 0 693 0 275 0 0 792 0 242 0 0 0 481 635 677 566 682 0 42 998 59 130 0 0 0 0 0 0 466 901 0 124 0 0 677 446 0 919 0 0 0 0 0 0 335 0 0 102 0 480 0 0 0 0 0 0 493 583 232 0 0 0 0 0 450 0 691 0 0 0 0 0 0 0 0 0 596 0 0 0 0 0 895 0 0 187 0 381 0 0 0 0 0 0 0 416 0 0 522 0 0 0 0 0 0 401 700 942 7 0 604 250 847 0 0 0 572 0 0 0 960 0 0 0 0 0 0 0 0 276 0 0 635 0 0 643 626 0 985 0 0 422 0 865 0 0
0 0 0 0 0 846 980 0 0 0 681 0 0 338 0 0 0 0 0 268 0 2 0 0 513 642 0 0 0 0 390 512 0 0 0 0 472 0 0 0 0 0 0 283 0 0 996 0 0 0 937 0 0 0 232 0 0 0 50 0 0 0 0 0 0 0 0 0 226 0 0 42 0 684 0 0 0 0 0 0 559 245 952 156 0 0 0 0 0 0 0 0 0 0 297 284 0 190 608 576 0 0 132 0 815 0 111 0 338 0 158 14 0 759 0 0 585 0 0 103 0 550 0 0 0 0 0 0 0 584 0 669 0 0 0 0 0 795 505 0 0 0 0 115 0 0 0 0 0 0 111 0 0 843 0 0 93 0 0 134 0 0 768 0 0 0 0 0 967 0 514 6 689 0 236 0 0 0 0 0 597 560 0 0 0 0 367 0 500 0 0 425 0 0 0 0 0 0 9 0
674 0 0 0 0 0 0 0 74 0 0 0 856 0 0 0 0 426 0 0 686 152 0 0 0 0 0 0 0 0 724 608 0 0 0 0 870 195 0 794 0 0 0 0 0 846 0 0 0 0 0 171 0 0 0 0 0 0 0 0 590 0 878 0 0 0 545 0 773 0 0 998 684 0 564 693 309 0 0 441 0 0 287 124 931 0 500 0 713 0 587 0 0 0 0 0 0 238 0 417 0 126 956 878 840 0 0 0 0 0 850 0 17 0 531 515 0 0 0 0 0 0 968 0 152 248 939 0 63 0 0 948 334 145 0 0 0 0 0 0 0 633 927 0 0 808 0 0 0 148 815 0 0 986 0 0 0 0 242 101 0 0 0 765 0 0 0 0 242 0 0 0 0 37 770 0 0 595 701 0 0 0 0 0 0 636 0 460 987 873 0 133 0 218 86 804 819 192 0 0
0 0 0 0 0 0 0 0 0 0 664 0 0 0 0 0 0 0 0 0 0 0 0 0 183 0 7 0 654 0 0 0 0 0 560 0 0 778 0 0 106 284 0 748 0 0 0 0 0 0 0 0 0 0 0 0 0 809 0 0 0 0 345 575 837 0 716 0 0 0 567 59 0 564 0 305 0 0 0 886 0 0 0 0 0 441 282 0 0 0 436 884 0 0 0 182 436 0 0 0 0 0 0 0 0 0 450 0 43 0 0 501 0 0 613 0 0 0 0 0 0 550 0 933 177 0 0 0 0 631 397 0 0 0 0 87 0 0 0 364 180 0 830 0 114 0 0 0 0 0 0 968 557 0 0 0 581 0 0 0 648 0 0 512 0 0 472 264 725 0 0 0 0 769 110 282 0 0 0 233 0 0 0 981 737 0 0 383 0 0 0 0 635 0 0 255 0 0 0 0
0 0 655 0 0 0 0 0 0 0 0 0 0 758 0 0 0 0 0 793 0 0 0 0 0 0 0 0 0 0 0 0 0 214 0 0 0 828 763 0 825 0 305 0 0 0 0 0 0 0 384 0 0 779 0 0 0 0 80 770 0 0 0 0 0 932 303 0 0 0 0 130 0 693 305 0 890 474 0 0 0 40 0 0 0 0 0 0 0 0 0 0 0 0 0 28 0 0 0 0 0 0 0 0 0 0 0 0 0 0 0 949 0 0 0 0 0 101 0 537 0 0 0 0 404 0 807 0 991 0 0 85 0 0 0 572 424 0 0 0 0 0 0 0 0 0 0 0 0 0 0 0 0 287 0 0 0 0 301 861 817 0 0 0 0 0 392 0 0 0 318 0 0 0 0 0 0 0 0 0 0 0 0 109 0 512 0 843 476 945 0 0 0 359 0 815 0 0 1 0
0 0 6 0 593 0 0 395 0 0 0 0 0 895 0 73 0 0 979 342 0 724 907 0 0 504 0 460 0 277 0 0 748 17 0 0 0 0 0 0 0 0 690 0 0 0 0 0 0 634 776 0 0 0 0 0 698 635 191 0 0 0 0 0 171 0 0 0 0 715 0 0 0 309 0 890 0 815 0 0 22 0 0 325 658 0 0 0 0 976 139 0 718 0 413 0 0 0 0 446 0 0 0 0 0 0 0 0 0 13 648 0 0 851 0 0 405 360 870 0 0 0 0 98 0 0 0 0 0 0 0 0 738 0 0 0 0 0 0 536 0 0 561 0 0 0 0 0 0 0 0 0 0 0 408 382 652 0 0 0 0 0 978 0 769 0 0 0 0 0 0 0 0 0 0 0 0 0 0 0 862 0 0 0 0 0 0 323 0 0 830 0 0 0 769 0 0 0 0 0
0 626 0 0 0 0 0 754 0 309 685 626 0 567 0 0 0 602 941 0 0 902 0 0 0 196 0 302 0 0 0 0 522 82 0 0 0 984 0 0 430 0 0 0 0 0 123 0 0 0 0 0 0 628 0 0 0 0 0 0 0 0 558 0 259 0 0 0 0 0 0 0 0 0 0 474 815 0 717 0 0 0 0 892 0 0 0 237 857 239 0 226 256 907 0 0 0 0 583 0 0 0 856 0 0 240 0 0 0 0 0 0 0 725 0 669 992 521 0 99 0 457 676 78 0 0 818 0 0 861 0 4 187 0 783 0 447 662 0 0 0 0 0 0 0 573 379 972 0 0 0 0 28 0 0 0 227 493 0 830 909 0 0 0 45 483 0 0 256 0 0 112 288 0 0 0 0 0 0 0 0 185 0 0 0 422 0 0 0 0 0 0 0 0 0 355 552 0 0 760
