300
0 581 8 568 374 235 0 0 209 716 163 371 386 223 0 772 0 365 643 0 921 98 902 41 590 625 332 670 0 17 0 0 669 708 533 500 17 0 600 105 0 0 690 0 0 616 0 201 792 0 131 0 0 0 740 725 292 211 119 0 0 743 0 326 778 0 855 0 299 0 0 0 0 60 0 861 130 0 180 0 711 427 939 204 118 13 0 0 0 58 800 957 294 0 0 276 118 17 396 910 16 912 7 636 0 604 665 0 649 0 0 436 644 0 0 0 27 0 0 248 159 942 634 444 128 648 218 0 326 215 424 968 447 970 0 0 0 0 15 0 758 813 939 537 377 626 200 0 0 0 539 923 986 502 282 571 704 0 0 0 0 0 0 549 218 0 0 0 683 118 654 412 24 983 155 828 0 0 0 137 987 0 838 129 739 798 0 0 48 688 0 0 161 257 756 894 195 848 421 366 558 0 0 355 0 754 338 0 82 904 46 295 0 2 0 0 600 845 893 0 642 308 667 40 0 691 64 0 0 374 0 966 810 815 432 612 554 992 668 475 834 433 671 704 235 509 0 846 187 672 858 169 757 0 629 800 703 0 462 412 610 580 819 710 548 0 0 866 435 806 760 758 705 31 491 0 0 577 188 113 107 0 751 544 388 457 603 528 40 0 711 130 0 0 0 0 441 943 450 883
581 0 963 680 0 689 767 497 956 346 0 0 128 708 0 0 291 627 765 920 0 941 117 115 897 512 237 328 0 0 811 0 825 0 746 537 0 0 203 196 406 253 0 886 778 0 367 300 333 400 419 317 0 676 655 0 853 569 970 428 510 301 745 0 528 0 114 859 45 0 0 0 531 265 334 550 21 0 188 996 213 290 53 899 645 93 663 830 530 390 0 512 998 976 321 653 84 340 0 968 84 0 0 902 0 0 866 0 957 582 639 0 0 358 986 112 645 930 0 544 307 0 326 0 123 596 789 0 0 0 722 594 991 772 711 169 365 0 338 653 768 771 0 995 0 897 0 124 0 0 319 794 166 378 670 57 960 126 551 106 105 106 624 894 962 112 0 0 414 245 799 693 810 0 759 0 774 674 974 827 0 665 540 0 0 0 982 0 0 0 24 0 665 843 423 915 693 853 927 597 0 0 849 206 891 0 0 421 168 0 585 0 196 665 881 65 0 0 0 909 440 639 201 760 0 999 753 989 715 0 554 0 0 757 437 23 695 38 0 0 827 0 682 849 339 714 0 0 121 545 0 15 599 611 0 38 477 295 435 0 930 0 929 159 948 861 0 172 899 0 0 509 574 819 250 0 218 450 356 780 0 0 48 161 0 223 91 228 294 930 0 0 316 416 24 820 0 0 0 649
8 963 0 537 0 0 563 251 509 0 0 425 0 20 0 0 0 509 238 220 245 236 729 652 340 824 577 331 0 979 572 0 0 425 0 0 754 568 0 335 176 252 49 850 980 664 0 803 407 238 737 0 105 704 813 767 613 0 536 0 709 0 0 869 9 188 916 151 99 0 125 0 840 141 0 184 0 0 0 674 0 282 320 0 0 0 439 535 106 393 124 783 468 612 21 0 809 0 216 0 0 28 648 0 0 21 0 0 0 0 673 993 0 668 574 0 0 0 116 826 0 436 444 133 860 0 230 0 113 995 321 535 288 108 0 801 0 55 0 0 0 148 528 60 321 0 196 201 444 462 731 618 46 403 37 0 782 154 0 690 715 0 214 0 686 0 558 770 0 234 0 0 659 375 477 0 776 614 568 155 392 242 0 0 484 549 229 705 954 553 761 443 0 568 850 300 0 0 867 473 452 0 697 37 412 0 831 0 855 793 29 0 474 496 0 217 505 659 0 0 116 61 516 679 0 472 276 98 0 0 79 929 0 347 572 621 0 624 26 359 0 527 96 180 136 657 0 36 758 31 457 0 650 0 0 562 656 412 690 358 554 0 962 480 302 561 0 0 0 0 555 898 111 424 107 547 0 0 175 0 817 701 594 0 0 680 47 0 369 0 0 563 0 124 177 0 454 152 0 798
568 680 537 0 579 294 111 142 440 965 0 0 900 0 434 74 0 0 75 583 764 743 466 618 646 922 250 679 614 900 0 118 0 271 737 180 475 907 0 241 0 166 551 0 295 925 163 0 0 0 314 0 0 741 565 651 513 0 585 994 9 0 0 410 192 0 967 0 787 281 723 396 0 636 775 0 0 0 984 0 283 501 0 782 739 402 714 990 227 4 584 0 45 592 187 0 0 874 344 222 0 0 140 601 358 1 0 989 41 0 340 766 0 978 708 381 30 0 438 394 992 884 125 8 0 619 430 451 752 0 367 0 0 0 666 681 0 135 742 141 881 786 393 0 408 38 147 695 352 445 594 48 959 598 938 0 0 343 0 958 169 979 634 202 689 763 381 383 115 732 0 441 17 717 61 0 320 0 0 183 547 956 0 0 17 428 15 896 795 128 423 0 0 218 460 0 0 809 309 0 695 116 766 0 620 475 944 0 201 847 91 0 675 100 0 380 0 0 44 0 486 538 0 0 0 0 366 367 871 49 637 295 525 591 118 718 144 228 732 133 0 200 167 575 274 914 806 955 1 694 398 795 0 0 0 951 810 590 0 756 635 534 64 979 379 0 0 893 378 252 823 0 333 0 363 887 850 946 277 149 943 0 160 0 0 279 827 70 0 221 0 141 127 0 65 268 603 89 4 367
374 0 0 579 0 7 246 0 444 739 0 211 0 0 912 928 524 352 0 519 294 747 0 0 438 578 0 309 308 252 192 578 0 0 0 657 0 247 611 350 751 312 607 985 867 612 0 0 0 40 975 236 470 80 205 0 726 836 684 0 975 616 210 875 330 0 712 0 0 728 328 0 411 265 214 372 670 158 870 0 37 576 723 85 962 386 439 813 0 691 0 431 567 626 877 0 500 255 93 343 418 0 927 958 0 736 0 550 859 0 943 0 477 759 0 826 0 0 605 6 746 854 837 0 455 457 290 0 957 806 631 152 477 38 448 971 792 0 0 0 95 760 0 0 112 0 164 293 747 547 713 6 0 0 0 263 0 0 826 904 0 0 171 0 205 0 234 699 16 490 562 214 364 912 0 47 0 0 594 0 390 835 0 0 567 0 969 93 927 789 151 369 579 0 350 0 552 341 7 533 981 0 626 467 281 0 431 336 0 652 979 345 643 0 0 189 771 465 524 234 858 61 522 0 0 832 401 863 0 520 186 96 419 539 522 889 0 765 30 600 0 358 0 607 226 0 0 999 0 437 63 815 961 916 593 491 879 0 494 871 670 681 0 505 374 0 66 183 945 53 387 359 0 337 170 0 530 902 831 0 758 633 980 0 165 600 757 0 381 0 0 0 0 0 0 121 0 0 415 549
235 689 0 294 7 0 390 978 277 236 0 214 813 197 535 39 318 0 0 304 431 873 518 0 0 357 4 502 388 0 0 0 292 556 279 0 0 474 346 307 932 705 0 0 0 0 774 246 541 237 699 0 980 396 592 0 706 575 0 815 0 359 840 128 0 0 470 895 0 851 0 0 0 53 290 241 0 0 643 274 213 422 0 324 648 0 35 320 826 522 146 0 624 0 988 0 453 971 0 507 0 834 414 0 228 0 591 0 834 621 263 493 126 34 0 0 288 640 492 624 973 659 71 0 0 0 0 299 0 0 732 560 78 598 411 738 0 61 49 918 215 416 0 655 306 659 280 82 0 626 0 428 496 911 252 156 0 83 0 475 928 0 840 537 851 0 281 0 212 749 836 923 0 0 101 0 616 764 232 594 575 0 483 0 0 988 34 0 0 0 171 721 176 323 764 0 267 0 91 716 944 0 355 231 555 0 380 0 778 326 0 0 28 846 160 814 458 143 721 444 0 0 0 575 691 0 540 0 0 981 101 272 25 46 321 295 578 0 0 883 532 0 440 102 0 905 405 50 0 0 302 0 783 0 0 434 201 959 261 0 108 196 603 329 0 995 989 191 875 257 114 171 277 0 0 614 792 0 700 973 0 674 0 404 781 0 903 0 0 287 0 0 1 738 114 635 673 579 0 440
0 767 563 111 246 390 0 174 964 679 0 0 665 874 0 0 323 976 0 790 616 7 0 832 764 526 131 0 663 560 1 805 828 933 956 445 881 13 54 139 781 0 180 38 497 114 44 966 244 942 0 496 78 435 464 620 874 222 24 616 292 721 637 88 0 924 0 680 959 917 180 0 141 628 289 786 123 0 111 875 0 334 165 684 0 0 11 0 971 882 995 686 0 913 742 174 603 881 835 447 0 430 788 451 14 499 981 350 0 293 0 723 819 257 146 569 22 182 0 228 204 103 0 461 45 0 0 0 533 786 781 0 30 115 177 0 0 0 0 814 315 954 0 0 616 878 538 276 0 744 0 313 0 718 440 897 555 0 348 30 451 940 552 0 0 112 307 673 151 769 117 190 395 0 493 128 768 886 82 0 778 31 162 0 0 610 134 539 0 73 769 137 723 382 525 0 380 470 391 214 0 454 230 0 732 903 0 0 239 703 0 965 403 462 0 0 590 0 190 741 557 968 62 875 0 0 0 117 145 0 554 246 982 573 184 614 0 0 0 671 188 82 770 362 0 0 891 860 372 425 0 0 985 414 511 198 974 0 122 0 0 0 0 55 104 0 0 0 934 719 653 0 0 0 471 0 220 822 0 562 0 612 0 0 920 688 353 848 902 39 37 503 950 347 184 259 107 54 0 965
0 497 251 142 0 978 174 0 672 238 428 473 885 618 407 0 247 117 0 0 27 0 61 0 215 325 976 936 912 838 25 56 0 886 0 971 868 770 861 357 593 548 0 300 531 816 959 819 198 0 857 0 0 52 238 0 555 0 0 3 231 93 0 340 0 380 0 68 0 593 389 290 0 907 0 178 0 0 466 0 630 0 894 229 875 679 90 755 764 273 709 0 0 0 0 0 293 292 681 709 317 211 122 0 569 298 839 979 234 0 388 250 575 0 793 492 0 0 579 0 859 0 0 622 594 704 132 238 689 0 0 232 29 0 558 0 494 304 0 0 620 776 756 593 875 0 563 493 491 995 0 551 335 506 0 0 303 424 818 665 0 0 716 0 745 0 0 441 76 0 537 0 603 793 774 509 0 348 535 271 0 0 0 804 654 0 442 846 914 485 767 384 145 692 399 380 0 497 295 68 724 0 497 0 567 967 310 0 0 0 0 889 532 706 0 0 642 450 375 409 0 33 0 440 11 0 604 45 903 412 534 492 0 705 110 0 408 130 346 378 85 0 385 376 871 987 872 697 384 502 567 458 65 870 0 575 786 859 986 721 784 925 730 558 362 338 679 0 0 427 504 991 794 975 0 0 709 751 0 677 970 0 225 0 0 0 769 0 0 442 0 277 0 808 204 113 0 455 674 317
209 956 509 440 444 277 964 672 0 557 802 626 0 0 447 946 39 0 44 0 64 566 0 850 333 581 453 267 829 780 50 69 752 0 461 465 575 490 793 500 886 242 305 351 714 203 641 331 910 54 0 0 423 949 230 496 833 838 758 0 0 0 972 471 970 93 633 330 0 0 0 360 88 117 270 452 654 734 0 512 683 491 91 935 0 989 200 0 0 208 799 742 0 983 184 388 0 302 229 475 40 0 335 738 109 0 975 14 249 756 749 324 491 602 142 862 670 96 247 0 0 925 319 106 102 849 468 489 0 509 609 760 535 0 0 748 209 0 129 113 0 0 199 909 267 807 51 341 473 0 504 0 362 441 0 0 0 673 421 306 355 497 0 0 317 647 736 282 0 124 659 0 63 0 772 902 693 980 279 813 0 307 0 284 0 384 283 0 179 328 692 0 26 322 0 0 952 0 709 0 0 657 0 135 766 657 406 938 483 707 709 0 0 0 0 85 549 828 106 276 0 0 0 0 125 287 916 965 858 890 743 930 0 0 0 0 484 634 113 624 860 861 412 232 501 0 0 359 860 643 0 995 0 272 0 0 337 661 651 611 629 0 174 698 636 628 547 477 633 954 401 0 0 0 141 0 0 667 965 932 40 827 374 500 0 250 991 0 200 786 0 731 0 0 335 41 0 0 0 940
716 346 0 965 739 236 679 238 557 0 750 102 306 201 601 0 264 911 413 137 0 152 124 437 0 0 0 773 179 0 548 723 0 0 850 0 819 663 162 0 122 624 31 981 571 0 0 278 220 1000 50 372 0 910 578 901 695 0 0 0 0 928 0 0 21 0 290 0 47 846 0 0 0 218 0 67 120 0 667 650 0 314 0 707 0 52 219 153 863 826 551 464 0 0 297 533 0 25 530 883 256 0 0 347 0 0 295 259 226 218 366 0 923 114 0 0 746 11 326 0 805 0 0 638 453 765 846 532 0 0 273 312 680 0 284 0 562 377 213 0 0 810 965 754 819 0 817 336 462 572 474 968 0 685 272 0 411 0 783 0 0 891 20 0 292 179 350 490 114 496 46 389 0 874 393 854 944 130 869 264 0 476 929 978 397 744 21 759 563 0 191 0 704 0 739 824 0 857 0 961 0 17 737 992 0 243 0 0 121 742 468 454 413 0 477 0 754 718 0 202 0 701 840 97 115 91 369 0 293 359 0 307 0 997 532 166 871 0 49 469 455 604 267 400 0 0 696 578 0 609 0 0 388 870 968 0 0 199 395 307 0 0 541 0 979 703 0 940 0 820 0 0 0 959 877 0 30 541 260 0 0 456 931 147 191 570 62 307 761 208 0 339 640 16 0 0 0 574 952 150
163 0 0 0 0 0 0 428 802 750 0 634 0 375 351 544 0 813 395 230 256 968 54 103 0 615 344 0 0 0 47 0 42 720 0 886 0 290 910 0 0 382 566 486 978 126 558 978 716 306 155 0 754 0 268 786 713 657 0 667 647 0 177 142 709 0 563 251 0 194 0 0 159 882 0 843 684 718 0 0 256 271 25 0 446 372 772 0 22 817 0 421 770 0 0 0 0 986 0 0 810 61 618 887 441 437 219 377 319 364 0 370 953 951 0 971 228 959 0 618 457 0 617 0 919 204 0 621 444 895 43 441 695 616 715 831 309 280 609 312 0 0 197 0 889 633 0 0 792 243 649 9 0 0 408 472 670 162 149 467 0 129 579 99 934 567 276 432 0 617 607 0 895 362 124 0 256 0 404 0 258 196 132 0 0 442 98 381 708 115 0 0 504 669 0 967 92 878 409 454 325 0 0 819 859 187 920 455 913 291 74 681 0 621 0 734 757 838 0 0 0 626 207 0 947 591 578 0 207 50 0 258 0 218 144 594 421 564 0 0 20 0 889 488 312 958 751 0 297 0 94 326 678 346 0 71 33 0 271 176 416 103 550 545 137 961 959 983 0 985 483 0 443 403 341 0 0 619 103 660 326 806 0 0 33 285 288 8 727 410 482 0 961 761 945 0 864 621 175 263
371 0 425 0 211 214 0 473 626 102 634 0 491 787 0 928 21 0 42 0 898 265 217 376 605 0 564 0 601 290 746 908 0 0 401 803 645 0 77 466 687 670 907 451 0 0 0 0 12 435 0 688 0 854 0 528 582 845 213 0 947 226 0 928 167 796 653 0 0 789 716 808 139 747 358 890 819 262 0 790 694 5 0 178 731 0 261 292 0 559 578 0 0 0 667 0 0 0 592 582 429 124 89 698 0 663 0 0 0 953 979 487 592 694 299 0 416 0 0 0 0 0 661 0 737 772 107 31 0 0 0 0 670 515 862 0 944 0 738 572 977 932 231 221 0 725 850 938 0 823 562 894 0 0 250 23 739 381 0 509 790 267 824 559 302 0 389 873 762 504 0 860 365 0 288 0 948 347 733 762 267 465 0 909 34 0 774 461 0 0 705 0 67 0 0 564 390 0 84 989 354 0 230 0 980 0 199 1 974 0 982 0 816 0 338 0 232 0 0 0 169 0 0 0 909 327 127 145 835 441 435 0 711 0 0 367 282 0 975 0 702 0 205 0 815 0 0 0 0 45 66 295 158 476 992 0 0 47 323 901 885 799 942 936 0 0 98 0 898 676 433 265 1000 0 878 577 439 0 164 931 326 507 245 0 449 942 825 636 0 374 246 0 0 190 266 0 0 235 654 462
386 128 0 900 0 813 665 885 0 306 0 491 0 791 632 370 806 51 485 745 5 320 98 0 380 278 0 702 0 0 765 0 871 0 0 165 878 273 749 501 841 0 661 453 550 355 558 583 0 149 901 665 997 640 0 0 562 47 55 0 827 841 0 0 910 460 352 221 241 158 0 357 226 150 46 889 559 613 0 590 666 432 781 0 0 586 810 0 317 935 0 599 886 927 744 531 0 0 134 924 123 0 0 164 159 16 0 796 323 365 728 858 312 0 243 0 416 0 0 336 685 536 0 0 218 389 0 501 614 0 0 86 576 0 960 57 0 107 0 0 253 695 379 857 140 0 963 630 342 362 879 0 66 348 0 0 0 752 419 149 533 952 653 477 21 731 805 950 621 0 766 0 338 171 580 97 0 0 0 214 369 804 321 0 19 714 816 302 271 737 0 642 911 972 316 269 250 600 712 353 0 654 0 48 0 903 577 0 831 872 168 107 933 0 395 0 240 690 533 0 0 667 142 618 0 460 689 325 78 893 607 71 0 427 0 803 22 22 327 568 718 106 546 914 784 777 746 0 174 77 770 67 0 470 261 829 934 192 103 0 454 705 25 995 0 444 522 0 0 0 759 149 771 0 17 327 0 0 502 0 811 0 441 549 570 685 670 0 642 0 616 0 964 971 383 397 548 718 672 0
223 708 20 0 0 197 874 618 0 201 375 787 791 0 104 88 0 0 439 0 452 0 0 0 498 416 262 0 775 803 0 627 980 343 0 0 0 0 0 20 0 898 996 490 0 598 0 619 230 984 528 544 0 114 986 0 0 618 0 758 281 313 295 588 342 822 0 382 918 58 0 359 179 533 0 206 564 880 686 182 494 109 61 80 253 0 542 0 322 786 0 582 598 20 0 593 528 0 115 487 130 0 274 659 0 126 635 91 438 323 158 443 576 506 30 0 676 0 0 0 433 892 691 0 600 260 214 537 0 85 0 0 805 180 506 178 0 0 797 0 784 0 0 429 0 151 906 820 251 0 0 335 647 270 385 0 489 0 0 852 130 997 178 0 911 696 337 869 0 369 0 999 0 901 0 322 629 457 757 0 631 842 0 0 0 923 96 963 331 991 0 285 720 0 757 0 433 691 0 0 894 656 230 211 917 0 732 455 121 0 899 0 681 178 409 918 283 231 675 559 323 703 711 1 805 574 290 509 0 563 0 0 757 829 334 802 0 0 0 863 226 0 0 190 248 277 885 590 648 0 537 0 83 366 10 958 848 0 280 0 0 0 0 967 9 0 574 0 736 984 820 984 817 78 702 205 707 0 0 0 267 0 804 0 0 873 0 114 251 791 0 499 0 281 159 830 0 0 520 169
0 0 0 434 912 535 0 407 447 601 351 0 632 104 0 859 124 0 0 0 489 954 559 827 915 0 703 660 735 975 0 0 328 319 593 323 868 0 0 0 414 444 531 395 930 126 0 84 597 239 554 0 742 108 272 794 178 659 0 225 852 119 0 0 0 231 425 0 747 0 110 544 188 19 666 99 860 440 0 0 0 822 376 880 0 0 250 562 0 201 0 254 743 0 203 558 0 282 0 0 0 0 979 616 0 477 0 0 64 0 816 765 289 357 141 428 823 878 311 31 555 0 0 0 605 0 53 854 73 0 0 445 0 621 879 765 349 205 0 31 400 476 0 193 0 205 488 0 0 0 0 204 883 787 184 7 0 597 99 949 0 850 723 929 624 698 0 897 114 58 832 893 347 906 0 0 561 0 0 901 688 502 712 509 500 768 487 308 0 184 732 918 920 0 0 0 436 542 194 939 107 794 171 0 273 502 178 655 631 755 527 429 411 0 583 265 0 0 569 264 691 900 0 816 575 49 915 0 164 0 390 701 0 532 775 150 930 0 0 500 0 922 0 153 0 831 540 628 870 308 0 0 813 3 382 0 0 508 157 350 0 0 0 315 707 282 472 233 786 788 0 984 784 0 427 0 139 230 686 0 0 161 0 960 0 640 652 334 848 429 600 730 87 156 0 801 498 434 0 0
772 0 0 74 928 39 0 0 946 0 544 928 370 88 859 0 472 0 154 549 474 830 134 764 5 0 431 782 588 411 0 855 851 449 698 525 52 0 0 183 0 705 501 0 246 0 134 127 377 0 975 916 0 0 0 989 0 528 278 0 148 0 967 944 639 122 51 0 869 476 969 643 0 378 597 192 0 196 0 523 0 163 114 315 0 870 740 492 846 545 955 916 368 0 679 13 278 640 670 272 371 898 946 6 837 180 970 195 0 115 597 363 815 377 959 411 741 43 0 858 812 349 27 951 180 772 736 479 0 0 0 0 954 0 0 430 0 319 499 0 0 458 605 163 421 298 364 129 810 0 766 911 996 110 0 87 591 183 588 0 854 87 103 0 0 544 0 526 0 887 795 0 999 0 0 888 798 630 0 57 175 107 1 0 912 251 469 0 0 867 449 0 545 613 287 764 0 0 853 163 0 844 0 158 232 0 963 728 185 467 845 0 837 742 829 0 992 376 0 319 540 532 740 237 0 0 273 554 225 942 0 583 0 0 537 358 504 0 141 8 121 398 0 0 866 0 0 570 0 952 91 0 127 479 0 140 560 461 246 394 956 0 17 951 0 503 375 878 0 340 142 631 316 351 311 983 0 0 0 679 778 0 583 0 959 73 0 987 495 252 912 654 0 233 907 364 643 911 857 0
0 291 0 0 524 318 323 247 39 264 0 21 806 0 124 472 0 485 334 351 538 311 321 242 527 276 696 0 0 0 0 0 520 43 0 0 0 0 709 913 863 0 376 0 815 280 905 0 0 472 557 70 0 327 432 609 881 485 0 0 41 0 913 0 612 957 264 412 0 545 313 397 952 481 565 23 242 975 56 0 195 544 813 795 710 908 217 44 0 0 0 0 632 56 823 816 0 331 543 439 0 153 967 0 600 808 865 0 630 843 23 911 533 74 751 501 743 917 193 649 328 364 146 619 951 550 0 302 519 769 0 0 0 258 425 0 0 388 47 0 826 0 5 299 214 905 0 832 0 781 0 214 794 0 745 961 777 552 0 648 413 358 460 0 200 0 419 966 150 0 609 165 0 0 0 0 26 897 0 0 701 501 803 20 738 574 0 682 930 850 876 455 909 378 328 0 971 779 564 504 289 0 17 356 924 643 644 0 447 439 316 563 0 106 57 0 0 0 0 539 805 284 0 303 911 532 967 410 930 0 992 0 806 708 401 194 0 247 117 433 96 0 758 501 839 18 291 832 75 0 193 459 0 274 358 321 810 708 0 0 0 833 0 0 0 935 824 340 282 329 0 912 859 190 521 645 964 0 223 689 970 787 808 706 799 0 674 0 0 818 0 589 0 781 890 503 0 508 804 888
365 627 509 0 352 0 976 117 0 911 813 0 51 0 0 0 485 0 893 0 108 665 0 0 230 0 780 436 0 386 0 662 457 619 237 629 778 877 969 0 989 286 226 801 403 928 0 997 0 814 0 433 837 523 0 69 760 0 0 250 630 109 570 878 0 301 766 0 0 0 0 291 217 494 0 621 0 0 0 975 948 95 434 363 634 840 276 933 0 0 0 793 81 303 0 965 226 876 0 972 0 739 0 813 0 947 0 700 181 831 240 0 599 0 910 147 0 510 281 23 142 757 0 0 390 597 833 992 48 16 0 0 123 0 0 291 217 269 0 0 374 0 810 481 0 239 423 614 0 53 511 0 634 0 539 643 0 741 889 855 985 55 0 0 0 0 831 18 184 0 984 700 441 282 0 296 78 0 0 464 992 138 753 474 115 0 339 183 892 58 0 250 0 704 467 0 0 0 559 564 514 682 0 97 0 340 0 520 30 489 0 0 876 0 113 585 0 886 96 238 870 175 620 828 198 544 223 0 824 645 173 197 286 668 0 0 468 929 630 461 593 0 0 0 491 726 146 33 600 0 621 0 0 0 694 410 612 237 0 933 967 598 0 0 792 725 0 993 655 395 741 644 898 16 715 0 7 0 276 741 812 318 170 732 860 823 150 681 0 705 681 0 0 0 588 519 0 139 0 0
643 765 238 75 0 0 0 0 44 413 395 42 485 439 0 154 334 893 0 140 925 379 0 521 938 880 836 141 93 189 39 169 0 568 0 12 0 786 121 0 235 522 968 222 552 0 103 0 181 823 109 0 964 0 897 0 148 872 78 125 324 682 62 0 563 418 616 471 0 296 221 736 132 372 239 0 0 810 591 899 321 195 855 0 979 203 780 657 624 0 0 520 61 274 938 103 0 105 673 257 0 617 112 208 534 702 174 0 276 0 734 0 0 292 0 0 403 0 632 717 533 649 375 0 803 782 216 419 3 331 468 604 0 0 102 845 667 0 988 405 921 0 389 404 262 850 641 687 324 750 0 494 325 943 0 0 814 0 0 377 612 649 755 0 328 643 994 0 52 0 0 119 377 0 450 0 273 479 154 416 190 0 915 936 472 736 334 936 0 0 287 0 484 0 0 0 718 676 664 780 0 733 921 893 0 0 800 24 13 496 692 445 835 507 478 973 559 0 990 0 432 842 362 0 0 0 524 849 609 966 0 620 0 0 0 0 0 398 0 66 438 0 0 965 482 690 0 26 248 372 362 193 633 924 9 421 30 0 0 653 710 219 598 114 0 0 0 0 268 1 0 0 972 0 0 86 611 134 504 268 0 946 475 764 0 362 364 922 816 555 514 119 0 940 419 0 603 0 694 895
0 920 220 583 519 304 790 0 0 137 230 0 745 0 0 549 351 0 140 0 403 151 624 882 727 0 45 30 0 0 897 370 0 669 364 855 0 17 0 0 0 0 576 30 0 739 0 545 329 0 0 331 272 567 599 124 79 0 410 0 36 543 0 0 204 0 881 0 0 53 731 790 0 0 0 738 556 0 602 20 596 0 216 813 270 0 0 0 153 614 278 711 623 605 116 249 0 701 116 18 0 335 0 68 197 992 668 558 933 573 0 0 972 291 119 248 11 769 129 503 921 860 920 318 851 831 911 505 0 609 406 0 0 916 0 892 242 145 0 904 0 63 305 0 205 930 0 853 624 0 0 169 0 313 0 60 430 360 569 870 0 342 0 165 0 387 0 0 389 338 600 0 604 0 681 866 498 408 361 881 328 328 195 0 711 691 308 481 601 833 857 812 0 67 0 164 0 0 0 489 512 0 3 719 0 0 817 60 669 175 438 859 382 760 680 0 48 0 0 604 0 435 778 456 806 350 66 0 724 0 429 706 663 0 0 108 0 828 772 0 0 712 540 272 804 232 0 189 215 0 756 560 595 502 258 0 28 334 631 0 0 0 0 966 66 0 0 0 0 0 991 424 896 864 0 0 411 790 0 574 406 392 880 116 0 0 967 419 56 539 379 49 233 166 907 949 0 865 0 0
921 0 245 764 294 431 616 27 64 0 256 898 5 452 489 474 538 108 925 403 0 410 0 0 838 91 645 487 0 460 0 640 0 0 146 0 245 0 0 533 0 635 530 327 443 0 622 0 502 0 0 0 26 793 653 0 538 488 576 728 0 115 885 845 0 653 0 734 400 13 879 596 0 621 963 0 902 0 615 0 446 177 970 872 0 814 272 791 192 51 395 552 406 533 0 524 0 0 939 882 427 236 0 0 1000 395 681 347 565 352 149 0 0 139 620 0 0 818 0 175 300 545 908 13 0 980 777 481 0 254 660 329 0 712 646 751 38 0 648 0 721 881 0 798 824 136 0 0 684 645 0 0 927 0 530 0 0 0 0 508 579 695 249 712 0 573 0 851 384 488 0 803 332 0 398 308 114 0 259 0 6 0 829 0 0 264 215 273 736 0 0 0 623 922 176 694 799 632 962 915 90 880 0 0 0 811 0 832 0 356 596 657 203 0 0 311 162 0 0 581 654 0 811 0 0 0 411 319 966 0 0 0 563 954 0 703 355 846 864 149 0 220 971 602 706 409 0 195 60 348 878 104 62 0 0 0 256 0 820 55 71 621 28 713 307 730 0 685 967 0 416 0 0 706 834 0 126 749 0 126 717 966 897 599 0 711 349 999 494 649 638 414 258 595 753 784 10 615 0 1
98 941 236 743 747 873 7 0 566 152 968 265 320 0 954 830 311 665 379 151 410 0 94 801 432 705 452 121 0 0 0 580 986 252 365 270 287 639 102 625 885 900 0 15 0 0 552 508 0 897 0 0 602 929 277 949 522 0 299 838 64 180 769 94 837 759 0 713 979 0 429 0 869 0 404 985 903 850 969 942 65 621 0 0 458 159 109 0 398 0 87 0 80 961 111 391 0 746 288 327 930 539 516 0 209 261 988 0 284 0 40 0 413 694 0 218 0 739 322 0 0 349 918 0 115 965 237 829 992 0 931 44 217 479 826 270 0 729 0 658 718 843 318 0 247 237 0 990 905 713 0 497 0 525 0 71 26 416 0 0 0 612 527 0 924 252 330 586 0 400 0 269 0 335 0 862 615 0 797 278 898 617 0 392 0 295 440 113 0 0 449 938 669 678 0 874 0 0 0 0 480 36 351 706 0 421 879 0 0 0 352 0 881 0 882 716 92 741 343 0 714 465 600 0 0 156 569 373 472 0 4 805 69 0 0 126 219 0 0 77 145 434 189 0 901 20 462 161 921 0 894 646 65 0 0 0 378 0 0 286 38 173 0 517 0 0 0 660 0 178 468 714 224 903 0 0 729 430 296 0 473 678 0 891 215 908 404 915 0 557 319 0 183 0 0 0 473 69 924 460
902 117 729 466 0 518 0 61 0 124 54 217 98 0 559 134 321 0 0 624 0 94 0 449 0 194 247 754 310 143 880 759 0 0 0 858 847 365 0 0 879 18 0 0 0 242 108 991 657 0 236 31 692 580 41 76 0 7 471 554 0 621 0 302 0 0 0 218 285 473 755 67 0 0 0 218 497 963 169 445 0 586 0 507 0 403 743 0 738 431 152 356 177 775 0 0 896 80 166 0 0 668 152 0 149 718 445 550 732 212 576 0 213 232 77 915 39 387 197 126 913 0 171 315 0 284 75 974 0 521 314 0 42 837 740 0 997 506 640 0 16 21 688 0 0 271 435 786 222 809 432 0 902 113 78 379 32 799 548 0 0 916 0 0 788 574 159 16 908 0 85 0 0 209 0 701 477 792 0 901 0 357 988 747 336 979 871 0 0 0 875 0 0 0 230 0 0 376 348 468 0 0 517 628 682 0 766 8 411 0 522 81 191 605 321 155 638 438 0 0 0 468 66 357 361 0 551 539 161 761 511 669 317 537 857 17 432 0 0 526 164 234 954 381 835 772 0 630 357 332 367 0 0 0 185 808 0 884 831 982 902 396 0 0 868 787 256 640 205 328 221 71 950 719 599 968 377 808 115 0 228 135 128 907 0 0 409 178 227 0 727 571 654 428 824 783 283 126 182 904
41 115 652 618 0 0 832 0 850 437 103 376 0 0 827 764 242 0 521 882 0 801 449 0 590 0 0 0 0 711 178 514 345 276 0 709 850 81 15 25 529 365 527 486 0 303 0 18 565 876 0 0 217 0 0 0 107 0 610 579 609 672 0 726 34 0 860 0 0 158 17 426 889 209 516 877 761 512 549 619 0 0 295 0 876 214 474 821 0 355 0 413 595 917 271 0 0 0 587 603 224 497 864 662 699 853 437 0 627 129 418 0 859 0 0 763 751 441 797 0 659 49 317 0 866 180 389 458 436 0 561 830 517 0 723 0 961 735 177 411 0 255 0 636 109 677 676 0 95 236 738 375 0 0 690 747 818 88 619 434 169 929 615 959 0 0 447 238 488 0 0 371 855 234 785 583 999 717 971 0 631 0 141 275 0 0 533 762 86 608 685 788 917 609 0 345 15 971 643 490 799 443 669 456 72 689 0 0 388 244 727 0 0 0 0 0 150 368 715 708 852 0 0 822 0 897 110 405 457 798 809 268 805 701 0 0 240 705 620 58 577 0 0 740 90 454 447 205 790 386 653 793 0 791 99 19 855 0 526 603 0 0 0 0 458 357 0 372 0 5 992 512 347 840 0 0 953 0 367 592 0 691 0 278 0 0 349 807 0 254 0 158 0 154 0 0 756 387 379 722
590 897 340 646 438 0 764 215 333 0 0 605 380 498 915 5 527 230 938 727 838 432 0 590 0 454 90 28 66 200 123 172 651 193 434 0 0 0 225 720 0 12 270 644 269 425 0 0 0 694 0 505 989 0 611 0 0 0 204 0 185 0 0 840 0 0 513 0 740 16 0 25 16 966 115 272 611 0 900 776 108 792 301 701 474 0 45 0 43 2 641 414 354 121 646 299 422 305 552 339 620 156 0 501 953 707 0 285 0 128 182 28 671 591 0 332 0 10 0 54 0 699 0 605 0 0 650 70 768 0 82 0 0 356 0 189 924 96 70 684 987 32 0 362 0 758 0 0 0 567 413 409 845 297 256 353 490 910 0 614 605 801 322 0 0 243 0 249 0 236 609 0 68 349 150 840 23 0 588 900 429 684 593 396 412 826 826 158 0 0 0 0 498 0 201 474 0 292 928 0 89 986 428 0 558 995 1 0 174 0 451 0 133 804 0 184 118 0 819 900 0 781 15 0 403 19 0 0 522 670 0 0 0 488 0 0 0 992 976 0 837 872 0 0 133 131 266 0 0 791 0 938 0 303 0 0 86 0 0 0 0 468 133 189 393 93 343 377 918 129 4 555 439 795 773 912 0 626 517 692 153 0 381 883 281 383 564 0 291 28 639 789 0 45 0 76 181 521 0 0
625 512 824 922 578 357 526 325 581 0 615 0 278 416 0 0 276 0 880 0 91 705 194 0 454 0 48 0 0 934 575 517 634 0 709 0 0 634 0 0 0 542 889 759 487 0 271 523 990 459 430 123 732 1 882 605 0 561 48 275 543 622 987 995 487 917 0 384 271 286 559 407 911 449 0 0 855 165 924 336 850 457 545 929 0 0 967 134 0 485 67 0 0 20 252 0 0 422 726 395 0 953 0 377 141 995 220 659 0 0 425 223 0 0 605 85 265 0 0 0 983 906 0 137 901 613 161 789 997 793 0 175 44 321 592 75 469 0 849 823 311 507 112 745 0 199 787 963 93 764 0 776 0 471 492 0 827 904 645 0 375 498 403 671 615 0 831 202 295 0 226 561 482 874 0 688 887 429 432 0 133 272 241 614 0 655 640 819 194 112 567 602 0 316 470 828 267 237 0 975 168 790 460 261 984 400 785 553 698 154 557 0 659 0 0 802 0 261 396 813 620 237 124 9 0 141 0 602 695 383 0 806 953 700 0 82 995 0 618 0 816 0 350 602 64 774 0 836 0 0 118 0 759 249 922 231 0 0 466 406 868 0 81 0 0 0 644 445 161 0 127 258 381 0 448 723 658 337 235 714 11 505 196 449 473 437 371 486 977 632 0 316 0 244 352 504 388 128 855 849
332 237 577 250 0 4 131 976 453 0 344 564 0 262 703 431 696 780 836 45 645 452 247 0 90 48 0 461 700 515 363 0 201 134 576 262 952 366 347 822 739 828 684 689 0 155 783 692 581 530 517 0 0 206 448 155 849 731 0 958 807 736 448 0 920 901 0 638 88 505 0 187 0 0 86 921 175 151 825 672 0 839 32 686 366 0 138 0 0 259 257 242 0 306 0 516 983 420 448 127 614 604 0 470 421 0 0 19 0 859 644 36 594 499 217 831 0 142 0 124 205 517 3 191 71 0 443 911 765 655 741 290 105 689 0 748 452 778 0 546 0 0 98 240 916 285 86 0 0 0 552 616 280 305 870 598 376 0 906 638 459 0 357 995 608 980 967 153 992 749 0 604 516 424 851 675 526 339 69 0 0 19 155 459 88 381 964 0 228 157 639 588 37 981 643 0 242 500 808 992 65 752 114 752 470 892 969 509 0 171 299 883 0 18 0 0 13 0 447 0 273 496 988 0 461 392 619 773 679 0 202 0 164 300 796 562 683 815 94 0 10 0 369 930 838 384 561 153 423 572 533 228 702 990 182 0 292 0 933 171 525 0 0 904 0 0 0 0 0 808 883 713 485 0 961 8 102 0 0 81 837 612 670 296 0 41 419 46 0 0 0 0 0 316 590 0 0 0 409 452
670 328 331 679 309 502 0 936 267 773 0 0 702 0 660 782 0 436 141 30 487 121 754 0 28 0 461 0 398 112 329 752 150 593 0 0 746 0 0 576 225 379 722 152 0 722 130 984 0 606 437 440 233 0 412 171 182 971 0 384 85 839 804 928 0 0 0 111 44 0 673 532 455 575 819 0 796 421 0 867 574 592 621 952 522 0 373 0 0 249 0 0 614 350 549 191 684 148 0 0 0 665 284 51 0 327 0 0 584 986 633 698 275 188 630 0 145 239 134 685 90 0 999 0 94 629 0 948 0 111 0 242 969 539 0 0 0 0 629 461 514 0 777 436 943 436 0 988 0 205 540 288 503 162 0 0 794 945 0 973 257 0 0 580 0 540 0 984 920 852 0 612 0 725 555 0 875 587 0 907 420 0 0 46 0 0 0 149 0 731 0 32 472 197 533 411 0 879 908 936 0 626 919 168 979 480 900 946 894 187 304 625 779 0 0 149 0 509 0 32 888 872 667 432 550 471 0 197 0 0 227 0 554 0 187 411 0 469 83 0 0 661 198 0 0 969 371 887 555 869 505 0 914 766 309 954 0 0 375 791 120 1 0 0 771 0 937 87 645 230 55 348 912 0 0 62 0 600 383 0 658 210 0 575 839 397 0 0 0 0 0 483 183 0 490 328 0 927 0 24
0 0 0 614 308 388 663 912 829 179 0 601 0 775 735 588 0 0 93 0 0 0 310 0 66 0 700 398 0 233 799 608 784 0 480 254 653 471 830 604 574 17 0 784 373 461 0 962 489 44 47 759 288 0 912 0 433 0 427 0 950 0 171 829 949 0 895 0 17 425 0 581 0 815 0 770 0 0 0 117 0 386 513 275 16 65 160 600 0 880 994 0 282 899 742 0 240 0 534 384 0 0 0 0 31 823 0 320 284 85 170 286 663 995 973 0 592 460 283 0 792 219 152 219 0 671 173 248 711 67 82 0 0 321 0 405 718 832 161 987 0 0 0 675 0 0 346 978 634 0 5 0 0 645 77 0 678 293 0 173 0 853 255 265 24 276 615 407 230 0 0 220 0 0 364 831 956 738 823 706 0 0 0 185 440 0 162 508 13 616 681 0 732 329 772 490 367 430 334 0 880 899 169 0 312 0 0 676 58 589 0 0 156 0 546 0 0 483 677 241 59 578 928 660 973 597 415 0 964 968 825 198 501 0 771 714 55 0 125 102 253 0 0 0 876 794 140 99 378 341 710 11 0 258 777 134 0 93 0 0 519 782 790 842 609 824 571 573 400 783 624 0 0 23 0 466 426 829 389 307 49 0 102 295 357 979 0 41 249 813 175 41 404 954 0 0 851 0 85 38
17 0 979 900 252 0 560 838 780 0 0 290 0 803 975 411 0 386 189 0 460 0 143 711 200 934 515 112 233 0 155 783 275 373 0 0 540 0 194 0 919 267 301 50 0 0 823 0 0 627 246 350 910 195 0 666 0 0 293 972 993 269 975 891 151 0 549 0 0 603 996 555 0 503 822 0 254 0 0 542 485 0 190 200 394 333 673 0 484 719 529 584 0 184 0 371 119 757 626 898 166 0 0 362 161 0 0 776 690 389 0 0 238 632 789 460 0 371 999 950 440 538 958 968 0 0 642 201 411 0 865 0 485 259 37 246 0 937 516 310 360 324 888 0 1000 740 243 975 0 355 132 837 0 878 59 809 993 205 518 266 33 522 816 242 56 402 0 998 330 296 0 0 116 0 907 41 274 580 0 87 695 912 644 0 0 499 0 572 699 259 328 319 334 0 0 141 13 12 865 917 151 306 932 163 706 743 400 163 0 222 496 421 0 0 428 205 0 459 145 851 795 367 0 0 765 283 123 826 0 524 0 0 432 408 803 884 0 132 118 0 320 0 271 508 855 825 105 258 285 925 692 658 134 443 575 960 0 348 0 0 906 893 426 832 210 0 596 0 587 0 748 193 274 979 223 983 0 890 0 0 0 325 0 158 620 826 975 516 0 616 0 313 46 552 87 958 977 339 0 879
0 811 572 0 192 0 1 25 50 548 47 746 765 0 0 0 0 0 39 897 0 0 880 178 123 575 363 329 799 155 0 135 497 0 0 543 424 888 0 67 879 813 0 164 831 125 373 0 159 762 34 0 0 0 764 616 489 238 0 810 0 0 912 265 0 367 12 0 250 0 56 298 6 732 0 0 33 181 447 538 0 0 989 121 13 0 0 632 111 0 0 636 0 0 521 402 0 741 791 949 0 52 914 149 242 644 760 847 509 256 93 0 0 0 147 0 0 105 360 0 206 438 999 0 69 0 25 534 992 0 463 573 645 86 218 979 480 0 303 959 228 0 913 997 0 0 0 625 954 561 447 464 0 0 948 0 132 0 882 0 0 446 52 207 855 690 743 487 796 897 0 0 261 79 95 0 374 607 237 443 0 505 788 0 860 137 269 160 0 0 262 103 426 10 0 0 456 0 0 0 0 0 892 872 0 920 843 0 0 1000 957 595 0 0 394 0 0 431 118 616 347 182 835 642 517 827 288 474 466 0 157 239 847 466 710 240 606 0 491 849 854 155 124 377 974 280 58 496 215 8 479 25 0 0 928 610 95 364 0 190 0 549 685 865 0 81 983 902 0 8 779 335 611 93 878 563 454 599 0 821 723 132 0 52 0 377 0 0 915 240 838 0 500 773 154 663 947 722 498 762
0 0 0 118 578 0 805 56 69 723 0 908 0 627 0 855 0 662 169 370 640 580 759 514 172 517 0 752 608 783 135 0 166 586 88 868 0 67 311 0 470 892 699 70 265 0 9 597 222 108 679 0 732 512 0 122 864 671 0 0 375 731 752 0 0 0 482 109 0 0 337 307 560 579 466 290 814 0 515 0 659 716 0 660 0 0 85 0 0 0 296 813 0 478 0 0 220 147 534 321 2 342 122 0 765 501 0 35 423 297 0 310 335 212 708 786 77 645 984 693 0 456 959 249 718 0 0 0 309 338 813 594 945 0 144 0 187 0 302 454 908 77 0 578 691 0 0 0 0 0 354 158 765 670 0 817 0 0 0 9 945 313 380 0 0 192 414 11 348 59 0 0 859 686 599 986 0 0 0 763 913 586 0 666 174 75 0 0 208 613 642 0 330 0 996 441 993 0 176 784 0 36 876 0 349 303 0 346 0 902 664 0 91 384 0 678 811 56 75 0 275 622 408 626 785 249 594 343 0 794 125 0 158 628 105 373 0 778 125 845 596 804 892 0 0 885 992 920 353 0 648 0 343 135 0 0 656 660 0 326 354 904 0 0 0 327 52 207 631 678 256 0 45 0 107 310 70 47 672 294 871 630 0 0 0 161 648 61 906 0 0 409 111 612 0 309 120 902 574 251
669 825 0 0 0 292 828 0 752 0 42 0 871 980 328 851 520 457 0 0 0 986 0 345 651 634 201 150 784 275 497 166 0 117 313 843 685 730 546 0 0 262 206 8 482 0 281 131 0 969 0 52 0 0 729 0 910 889 0 831 0 880 827 744 434 219 14 579 470 384 506 0 395 147 0 0 0 656 534 0 704 101 300 412 0 0 0 32 618 670 339 306 488 191 0 144 381 668 122 730 3 0 107 0 365 0 829 606 606 655 699 507 20 0 97 0 0 424 454 859 60 0 0 0 0 347 0 0 0 597 195 979 0 478 635 741 0 867 360 213 550 717 0 0 0 760 854 2 843 0 0 633 70 0 801 290 0 0 937 396 0 0 0 0 310 18 0 0 860 0 755 858 685 335 0 236 0 451 0 181 653 0 893 352 506 758 139 205 504 734 0 446 0 221 85 505 0 133 649 53 0 0 0 500 0 400 412 781 0 780 694 0 108 563 0 594 425 808 749 177 435 184 691 308 0 664 929 633 692 0 703 866 252 0 0 482 0 0 25 474 669 726 854 0 676 557 0 0 443 255 0 633 0 585 220 0 15 0 501 138 475 230 275 0 306 316 846 810 0 466 134 0 0 306 737 0 472 208 0 659 641 0 419 215 783 0 0 0 446 288 0 903 0 527 813 239 874 838 249 239
708 0 425 271 0 556 933 886 0 0 720 0 0 343 319 449 43 619 568 669 0 252 0 276 193 0 134 593 0 373 0 586 117 0 23 0 332 312 147 0 0 0 497 444 0 678 137 656 73 0 0 315 598 740 355 0 0 0 394 846 0 775 159 150 250 315 0 0 177 720 380 659 467 593 182 724 0 0 0 479 910 559 0 563 20 0 544 520 607 0 0 919 270 613 769 35 76 914 389 966 48 566 510 262 348 570 880 0 291 876 0 0 132 141 0 959 324 0 0 618 178 0 0 740 929 0 198 357 0 97 0 228 0 0 0 0 879 341 661 703 979 0 384 0 864 391 0 882 0 0 908 0 829 0 714 709 534 607 0 266 65 284 565 799 0 433 599 604 229 744 0 606 804 941 0 587 66 963 934 586 0 0 631 0 161 0 0 936 0 240 24 471 0 974 541 0 44 576 571 0 893 447 427 776 886 887 231 477 45 36 504 0 408 388 414 272 0 657 163 292 845 749 790 0 0 332 0 697 224 0 906 902 877 0 817 190 67 829 0 800 396 0 102 339 653 931 187 0 0 450 0 613 972 744 281 741 598 0 287 874 842 259 855 215 0 0 169 776 567 558 0 0 0 443 0 0 155 850 0 0 542 563 0 0 24 567 329 335 530 897 62 334 517 271 728 528 900 400 74 178
533 746 0 737 0 279 956 0 461 850 0 401 0 0 593 698 0 237 0 364 146 365 0 0 434 709 576 0 480 0 0 88 313 23 0 744 364 130 442 28 558 0 0 774 0 410 675 175 0 233 779 0 830 0 836 334 0 302 499 146 0 0 842 159 0 0 908 747 326 442 0 0 318 595 942 0 703 864 0 144 735 806 268 967 456 0 421 748 915 504 228 0 437 894 372 0 0 878 729 558 729 0 18 300 79 0 0 828 727 640 0 818 0 853 945 0 739 900 123 0 0 759 194 581 831 700 0 529 0 896 493 734 375 766 652 367 8 336 599 269 360 867 457 972 140 0 40 69 68 165 531 0 0 0 860 470 611 801 213 203 0 604 324 798 0 434 457 587 153 301 802 268 0 0 94 457 210 688 907 0 350 784 0 355 0 0 872 808 0 0 703 275 71 262 38 0 982 967 0 288 90 135 0 312 934 350 881 0 701 0 523 992 71 476 744 80 252 0 423 0 158 0 739 985 427 0 719 0 0 883 412 624 565 0 238 447 908 981 0 647 609 933 0 63 0 860 467 415 278 261 731 33 0 21 561 694 0 705 0 0 92 128 436 0 828 42 749 560 546 421 0 0 0 513 222 569 0 995 706 540 0 0 0 807 487 0 0 98 0 0 0 200 762 973 575 273 533 918 46 102
500 537 0 180 657 0 445 971 465 0 886 803 165 0 323 525 0 629 12 855 0 270 858 709 0 0 262 0 254 0 543 868 843 0 744 0 475 0 77 0 0 869 921 870 953 451 460 202 0 0 0 475 0 621 0 488 979 5 0 908 576 809 0 0 276 716 0 693 330 0 0 972 405 651 0 906 875 347 0 0 0 117 528 0 183 0 0 0 0 615 0 0 998 997 0 321 723 27 496 0 350 768 582 710 21 0 72 87 31 699 56 920 405 909 267 882 600 496 451 283 0 122 0 556 0 113 138 0 221 553 0 539 0 0 404 444 784 94 391 959 440 0 324 164 0 0 0 912 454 148 261 0 480 0 0 0 470 638 0 206 398 0 401 977 222 606 227 92 0 0 551 252 732 0 0 0 0 0 860 0 0 381 39 838 0 0 391 0 957 472 0 776 952 0 709 298 527 797 0 900 0 0 627 0 0 970 0 0 576 195 10 636 0 968 0 181 118 941 866 498 0 0 47 996 241 698 0 0 241 332 0 715 844 557 0 291 917 805 0 485 297 949 245 43 782 23 0 842 0 144 0 119 8 73 661 584 787 185 857 664 960 206 514 684 0 361 147 0 0 0 796 0 0 0 526 0 322 0 489 0 843 0 398 540 0 484 859 0 654 0 902 185 95 289 0 399 982 548 0 659
17 0 754 475 0 0 881 868 575 819 0 645 878 0 868 52 0 778 0 0 245 287 847 850 0 0 952 746 653 540 424 0 685 332 364 475 0 765 659 579 283 156 288 295 376 0 0 749 451 0 962 0 884 0 892 898 0 389 0 49 681 707 0 872 703 530 275 0 264 103 817 0 0 268 0 993 0 39 757 542 791 132 945 119 863 879 0 490 608 0 462 204 237 242 514 333 56 210 218 0 570 0 0 524 801 108 340 0 356 947 0 400 517 535 190 787 947 722 976 610 305 0 94 574 0 314 762 645 385 105 643 724 609 0 0 464 119 0 797 205 865 292 568 0 702 426 838 0 318 0 0 0 0 55 438 0 914 285 138 548 845 642 164 0 910 0 513 152 798 58 0 0 0 454 556 0 392 0 121 0 539 697 901 244 907 0 621 0 255 0 92 0 411 177 0 273 601 337 801 899 0 32 407 130 0 988 741 0 54 672 606 561 881 662 0 806 843 519 884 959 100 0 621 0 771 567 0 65 0 821 0 513 191 0 529 707 400 111 0 643 472 0 452 801 955 811 0 440 845 518 856 147 750 737 767 594 334 0 0 0 84 363 36 807 425 988 0 70 344 479 646 0 157 109 589 23 0 0 509 67 204 889 954 212 126 0 0 764 566 113 95 0 645 0 0 0 355 0 593 967
0 0 568 907 247 474 13 770 490 663 290 0 273 0 0 0 0 877 786 17 0 639 365 81 0 634 366 0 471 0 888 67 730 312 130 0 765 0 269 0 560 0 0 313 0 805 0 647 207 323 0 0 410 0 259 0 866 894 0 843 0 963 0 475 427 508 978 0 415 0 127 0 78 424 491 274 570 918 0 0 686 254 115 556 676 524 0 986 244 926 817 901 306 651 45 0 910 399 791 105 704 360 544 725 56 0 682 0 525 506 312 975 0 0 0 0 0 0 0 829 761 902 458 53 116 0 0 246 932 0 354 481 878 931 209 839 0 172 0 622 664 0 4 260 943 0 93 479 0 0 245 213 693 605 0 0 0 120 0 266 0 0 786 750 0 122 220 0 430 221 564 728 0 0 511 920 647 51 44 0 0 29 757 74 0 20 221 563 0 899 0 530 983 0 0 548 57 0 0 64 393 613 912 0 0 62 0 523 113 780 0 70 0 0 0 336 329 0 294 0 0 982 0 562 739 754 576 0 346 0 850 0 0 808 656 47 0 0 464 542 0 284 357 949 975 0 109 496 189 0 703 44 867 285 0 0 853 0 263 603 0 0 140 0 599 198 0 463 640 0 0 752 0 155 118 57 712 0 0 976 211 507 865 831 838 0 13 0 681 39 699 617 839 65 639 978 531 385 0 0
600 203 0 0 611 346 54 861 793 162 910 77 749 0 0 0 709 969 121 0 0 102 0 15 225 0 347 0 830 194 0 311 546 147 442 77 659 269 0 146 461 372 992 0 0 0 932 914 68 0 0 765 488 253 43 711 134 920 888 700 598 293 0 0 602 619 115 0 0 0 0 484 413 131 0 778 812 20 338 0 668 537 0 809 846 0 915 848 0 294 166 869 0 512 345 396 179 161 0 658 180 0 882 56 433 308 0 540 303 0 566 678 145 790 126 0 66 370 374 164 264 760 142 0 724 374 0 962 183 0 0 230 282 707 998 0 786 672 679 898 15 159 674 131 80 539 0 963 0 0 939 0 959 921 0 0 861 545 313 895 717 30 375 858 768 0 171 4 451 0 545 0 561 634 304 0 18 731 953 990 135 507 577 0 0 390 68 99 229 0 485 0 300 565 290 816 0 0 0 529 21 0 29 391 0 317 782 566 0 727 855 968 862 188 0 0 52 647 0 0 901 0 0 546 0 0 107 237 119 515 291 911 0 194 26 712 0 594 19 602 0 900 0 759 868 569 222 945 10 61 0 530 0 311 969 761 605 349 4 957 76 371 272 0 917 0 698 397 221 0 791 950 557 854 0 542 61 88 0 0 586 821 632 0 943 0 0 961 963 316 0 886 759 615 907 0 581 780 787 145
105 196 335 241 350 307 139 357 500 0 0 466 501 20 0 183 913 0 0 0 533 625 0 25 720 0 822 576 604 0 67 0 0 0 28 0 579 0 146 0 673 0 414 0 407 755 63 465 42 737 407 759 454 229 744 0 537 166 0 265 815 0 80 863 863 0 0 35 519 510 331 458 144 779 876 714 0 0 0 62 336 0 927 121 554 966 529 0 0 360 213 359 626 940 155 766 104 0 313 0 0 39 123 494 92 0 924 0 288 508 481 879 282 179 0 0 0 764 0 0 0 937 854 627 341 650 447 293 796 0 763 0 158 254 34 325 1000 70 0 799 0 614 946 487 0 459 532 430 444 99 321 933 661 0 382 0 85 60 757 389 0 608 606 0 891 528 879 0 0 753 284 190 478 205 143 18 605 0 0 0 790 100 282 121 720 499 73 0 213 854 705 0 740 0 75 965 994 379 98 176 573 740 200 831 864 9 300 484 498 551 93 0 0 469 539 0 0 109 699 609 0 746 522 866 0 489 195 172 32 854 499 0 485 106 444 134 514 20 0 0 580 308 0 0 600 392 0 0 542 0 339 0 0 0 594 218 0 871 103 532 0 653 367 0 406 364 0 0 938 0 65 0 65 635 346 332 434 50 704 0 0 885 0 0 208 37 0 935 925 233 192 0 243 629 642 542 0 0 0 985
