100
0 382 826 554 405 693 23 543 133 607 798 107 839 121 314 0 882 488 597 892 15 785 863 0 701 400 717 0 584 932 400 88 946 283 89 0 0 153 202 633 605 455 258 0 619 480 769 59 201 0 262 472 405 166 0 671 494 0 183 0 683 0 0 332 0 0 718 679 0 440 347 759 455 130 395 256 0 408 0 198 0 0 0 613 0 329 885 707 0 310 384 268 649 0 661 0 743 0 0 357 
382 0 493 663 495 0 957 627 112 559 987 0 290 0 736 0 0 150 0 98 813 329 776 0 339 0 0 418 0 81 840 0 18 891 532 496 547 1000 688 0 580 382 534 0 12 167 438 566 0 171 0 0 663 232 0 0 142 0 372 0 598 239 0 0 0 0 548 35 831 53 911 361 765 247 0 778 978 442 505 202 0 381 631 0 17 51 0 0 437 560 0 203 843 82 0 0 185 806 537 486 
826 493 0 700 669 27 744 0 859 0 0 816 133 953 0 0 499 699 6 17 0 407 814 0 607 265 954 664 892 872 291 0 0 0 962 741 154 427 478 0 0 635 24 0 0 0 0 494 252 47 0 0 746 807 0 626 376 679 168 641 118 0 78 0 0 0 0 234 0 577 0 0 188 547 0 87 987 216 132 0 680 602 628 0 863 0 907 166 692 325 0 633 40 906 172 0 466 225 916 0 
554 663 700 0 0 729 811 747 0 477 0 98 13 291 707 152 632 453 0 348 0 709 809 461 387 123 583 896 864 0 501 212 0 577 717 147 0 329 35 844 461 0 0 604 197 280 193 0 652 348 0 508 0 913 706 654 576 808 563 468 794 0 794 0 260 0 362 0 470 0 122 0 823 171 0 182 0 401 568 29 0 887 834 715 674 188 188 0 171 236 246 0 845 0 706 187 370 849 306 0 
405 495 669 0 0 213 793 921 325 859 991 341 464 5 337 0 0 276 437 129 0 0 98 766 0 0 0 432 0 876 902 311 844 144 124 985 251 0 0 275 0 572 874 792 881 246 427 421 218 466 0 512 163 0 0 0 493 74 586 398 434 265 161 265 0 582 0 0 0 910 202 0 0 439 0 270 603 565 417 513 846 42 234 629 0 0 202 0 301 705 0 432 0 0 591 0 0 0 550 515 
693 0 27 729 213 0 0 971 553 221 0 90 93 187 0 289 516 836 395 870 0 0 199 268 713 464 0 849 31 0 106 978 0 372 246 471 0 111 855 294 752 598 670 227 841 0 114 195 990 980 439 198 0 130 0 952 869 632 480 512 509 0 0 634 0 0 513 51 338 904 72 0 199 870 927 0 0 736 557 0 573 245 224 110 0 754 0 0 0 0 629 892 218 952 0 978 716 0 0 115 
23 957 744 811 793 0 0 0 0 0 0 262 953 626 825 835 980 415 884 754 366 674 659 707 0 438 978 630 908 531 550 505 691 388 756 0 287 369 704 622 0 111 0 126 0 0 798 0 560 943 407 124 939 768 954 0 381 626 0 545 518 36 339 988 0 253 0 319 961 0 984 428 0 348 251 64 244 583 646 381 0 777 110 0 0 0 845 150 0 0 417 480 859 935 0 0 137 0 844 0 
543 627 0 747 921 971 0 0 318 0 27 0 964 604 593 386 780 0 430 0 0 901 823 269 116 729 663 208 0 273 977 0 10 0 990 0 867 760 0 268 938 953 878 949 654 350 84 884 0 0 0 0 0 832 0 643 693 468 0 587 16 884 353 0 611 0 0 25 0 751 502 0 657 44 517 872 0 369 770 543 0 537 570 0 402 399 866 962 246 0 349 173 278 0 834 62 0 488 496 116 
133 112 859 0 325 553 0 318 0 0 842 0 0 85 0 373 721 385 233 606 39 728 0 787 103 0 18 782 886 425 55 97 845 0 323 0 604 0 943 251 702 52 48 0 165 195 0 434 0 103 0 0 715 805 339 0 0 432 0 160 149 0 534 636 467 813 143 0 268 0 0 6 26 90 483 0 851 134 127 754 501 47 524 963 0 895 324 603 381 869 268 785 0 869 265 61 25 881 0 0 
607 559 0 477 859 221 0 0 0 0 10 0 0 0 484 0 0 0 812 0 548 65 0 30 272 466 0 238 715 37 0 274 296 728 387 390 0 923 951 880 0 327 180 0 0 777 0 36 66 0 401 650 304 245 0 326 681 341 0 0 660 0 0 0 0 0 940 727 984 914 257 763 773 0 0 429 283 751 745 726 392 0 258 642 576 144 0 660 344 321 276 0 882 813 0 0 0 565 994 930 
798 987 0 0 991 0 0 27 842 10 0 68 556 211 0 0 44 340 0 990 906 749 706 427 930 154 936 589 329 550 683 948 430 790 176 0 0 0 0 264 114 914 581 345 205 0 0 0 831 0 703 798 0 840 0 460 706 973 924 317 46 891 375 32 649 849 96 0 653 0 435 0 0 0 0 477 382 895 710 0 751 668 589 0 0 476 146 48 357 964 228 0 621 977 744 0 0 43 618 942 
107 0 816 98 341 90 262 0 0 0 68 0 0 947 279 370 362 990 638 520 774 779 0 837 531 303 0 56 622 660 254 0 804 51 0 4 368 0 0 563 802 754 0 0 938 0 311 698 0 0 0 0 488 685 674 209 433 0 86 886 421 179 0 0 893 48 223 0 713 818 0 243 19 465 0 217 238 220 0 0 789 117 924 865 315 473 174 535 241 527 866 0 707 599 0 279 348 947 988 619 
839 290 133 13 464 93 953 964 0 0 556 0 0 565 469 784 741 425 307 629 495 97 265 485 1000 0 842 309 954 182 0 801 0 471 0 0 897 422 128 219 0 759 752 942 0 0 432 771 928 449 0 37 375 602 963 748 647 95 848 740 505 548 0 457 169 614 0 702 360 245 0 263 0 0 782 575 996 871 955 266 989 0 984 374 904 972 798 0 485 711 0 0 613 945 273 0 317 908 748 782 
121 0 953 291 5 187 626 604 85 0 211 947 565 0 803 926 453 0 620 0 611 404 0 855 453 0 126 0 0 0 424 881 140 763 245 0 0 0 0 701 0 242 789 843 0 0 567 60 189 0 0 0 0 302 698 0 560 0 507 309 870 173 470 732 0 224 578 272 590 729 984 631 0 874 0 0 0 719 439 344 775 0 0 593 865 509 649 0 357 908 0 704 153 405 698 976 957 424 747 131 
314 736 0 707 337 0 825 593 0 484 0 279 469 803 0 285 487 572 212 5 905 865 662 612 946 414 570 0 0 330 542 839 804 0 31 0 50 86 790 0 0 922 0 896 678 260 0 4 0 693 316 944 0 0 861 770 227 0 33 54 0 787 0 995 0 153 20 451 597 418 0 0 0 492 195 0 0 0 1 739 871 776 0 794 0 120 658 597 185 0 0 256 76 0 0 770 611 0 778 610 
0 0 0 152 0 289 835 386 373 0 0 370 784 926 285 0 0 0 0 639 63 9 550 401 435 0 50 748 178 802 0 238 311 63 516 798 385 518 842 687 87 54 255 719 661 437 0 821 449 595 286 75 78 795 240 209 771 0 889 0 629 0 819 947 0 181 922 686 559 813 0 623 419 779 0 743 860 137 0 309 0 723 0 0 317 95 283 919 0 388 735 885 715 416 0 740 815 0 0 61 
882 0 499 632 0 516 980 780 721 0 44 362 741 453 487 0 0 283 957 0 966 47 419 0 57 370 455 324 0 927 260 231 741 0 206 68 0 0 527 408 289 2 0 42 0 423 0 859 175 642 503 807 640 258 0 868 541 305 11 781 706 785 458 836 846 643 960 968 0 0 219 1 0 390 800 430 0 347 55 254 0 0 907 20 0 0 992 393 0 0 756 580 720 340 868 300 0 60 145 741 
488 150 699 453 276 836 415 0 385 0 340 990 425 0 572 0 283 0 589 175 0 514 457 0 328 0 0 143 0 338 953 868 8 330 0 504 140 16 854 492 142 0 0 236 968 493 939 311 176 0 178 0 171 562 73 758 0 138 269 0 7 0 847 233 0 559 378 887 0 0 325 810 753 851 630 47 428 34 0 0 906 812 0 220 54 216 0 965 706 0 989 683 786 385 0 572 0 187 864 0 
597 0 6 0 437 395 884 430 233 812 0 638 307 620 212 0 957 589 0 0 44 272 100 446 245 0 506 351 343 174 669 795 679 466 656 0 437 113 0 139 0 251 180 601 388 203 397 0 792 348 566 137 885 99 907 0 857 420 653 634 0 355 0 318 353 0 0 942 499 0 315 0 0 200 0 357 338 112 330 0 0 780 920 478 0 740 509 0 0 272 0 575 1000 199 702 669 190 396 207 111 
892 98 17 348 129 870 754 0 606 0 990 520 629 0 5 639 0 175 0 0 976 666 0 25 272 20 401 649 0 326 0 0 281 93 327 771 0 0 0 404 857 410 942 620 0 0 0 0 297 903 204 0 264 372 53 0 0 491 0 801 0 0 178 0 276 0 560 372 867 0 888 0 0 542 0 0 0 920 972 857 739 29 760 592 594 0 964 885 488 0 33 952 0 511 0 524 880 591 674 772 
15 813 0 0 0 0 366 0 39 548 906 774 495 611 905 63 966 0 44 976 0 0 334 503 892 266 236 0 0 0 743 498 970 475 200 0 855 255 57 0 555 853 124 0 799 607 659 457 417 572 851 0 637 275 233 0 775 95 790 151 797 795 464 542 818 0 301 835 949 608 0 733 736 785 299 275 587 732 0 123 0 108 487 0 0 128 392 342 0 561 357 354 618 117 0 855 949 0 0 0 
785 329 407 709 0 0 674 901 728 65 749 779 97 404 865 9 47 514 272 666 0 0 103 384 232 500 979 19 0 42 759 134 409 994 862 359 851 482 283 808 0 554 0 555 0 322 93 222 649 65 56 658 0 0 478 334 269 968 854 988 523 63 0 393 310 0 406 0 0 0 889 0 0 0 0 199 0 237 72 457 211 0 258 742 545 135 418 544 0 176 0 44 248 0 2 0 992 0 613 197 
863 776 814 809 98 199 659 823 0 0 706 0 265 0 662 550 419 457 100 0 334 103 0 0 329 0 39 582 908 0 783 216 262 616 869 663 0 480 0 248 759 562 0 412 150 187 912 0 74 962 0 453 200 493 492 306 760 389 0 812 0 355 254 463 165 161 0 491 46 0 346 979 77 831 0 0 0 167 658 360 0 706 245 760 763 129 350 0 0 55 540 388 227 60 461 0 951 0 0 0 
0 0 0 461 766 268 707 269 787 30 427 837 485 855 612 401 0 0 446 25 503 384 0 0 413 0 160 0 0 12 307 0 625 0 72 0 939 349 0 0 674 696 297 332 596 140 625 226 854 536 0 0 0 592 0 703 0 157 0 690 461 0 0 216 817 838 128 229 556 682 0 887 148 0 0 756 752 100 865 35 889 429 516 47 398 748 0 253 875 518 96 540 781 0 891 684 46 789 430 0 
701 339 607 387 0 713 0 116 103 272 930 531 1000 453 946 435 57 328 245 272 892 232 329 413 0 0 451 30 779 843 0 797 810 648 0 0 509 0 0 947 947 75 51 0 738 0 929 903 0 546 648 538 320 0 0 523 258 0 632 334 0 362 0 0 284 350 0 55 0 849 0 392 25 0 352 63 0 159 132 122 727 450 598 584 580 249 0 17 50 0 843 70 0 734 0 373 0 704 589 941 
400 0 265 123 0 464 438 729 0 466 154 303 0 0 414 0 370 0 0 20 266 500 0 0 0 0 0 297 785 22 0 0 633 438 0 661 0 0 18 0 608 23 884 0 954 732 0 0 10 760 90 0 0 58 38 541 0 77 473 792 907 0 0 360 752 275 0 0 143 337 961 603 83 934 450 51 155 680 447 860 0 0 843 0 47 0 800 0 404 500 0 0 0 31 402 31 0 832 991 103 
717 0 954 583 0 0 978 663 18 0 936 0 842 126 570 50 455 0 506 401 236 979 39 160 451 0 0 533 541 817 618 646 211 376 240 670 0 0 1000 853 474 668 659 707 410 0 828 0 0 34 897 0 427 913 209 0 278 722 0 282 852 0 287 22 352 523 0 455 119 177 990 972 744 31 445 885 0 0 0 69 230 0 536 0 0 563 61 405 939 388 0 436 0 0 0 754 473 0 0 303 
0 418 664 896 432 849 630 208 782 238 589 56 309 0 0 748 324 143 351 649 0 19 582 0 30 297 533 0 87 355 248 222 392 118 223 562 0 0 511 141 0 406 0 905 994 381 0 0 0 0 363 863 526 934 352 286 0 838 0 984 669 0 399 327 1 625 645 0 950 643 0 0 909 211 134 0 0 859 353 995 0 417 400 0 663 802 613 209 57 0 0 0 861 612 69 0 380 948 0 457 
584 0 892 864 0 31 908 0 886 715 329 622 954 0 0 178 0 0 343 0 0 0 908 0 779 785 541 87 0 0 953 0 186 614 240 575 0 161 99 860 172 258 0 857 0 0 630 0 834 0 53 286 803 896 0 464 812 847 0 13 0 475 42 11 707 916 290 158 342 495 397 79 788 543 467 527 235 942 965 387 68 40 74 0 566 251 86 0 0 911 144 901 656 303 0 736 900 311 503 853 
932 81 872 0 876 0 531 273 425 37 550 660 182 0 330 802 927 338 174 326 0 42 0 12 843 22 817 355 0 0 732 189 642 379 295 301 97 0 425 150 499 146 542 234 814 133 0 0 131 783 452 319 77 410 490 0 746 0 254 217 0 0 873 0 0 0 172 0 0 0 712 993 702 664 939 923 722 0 325 0 0 0 704 282 216 498 0 321 946 186 226 0 614 283 0 923 857 309 237 877 
400 840 291 501 902 106 550 977 55 0 683 254 0 424 542 0 260 953 669 0 743 759 783 307 0 0 618 248 953 732 0 829 498 926 422 796 833 447 195 0 775 905 885 590 166 291 26 375 867 450 251 686 0 964 0 392 51 0 330 516 204 975 609 702 581 0 0 476 0 0 95 259 0 624 603 0 0 211 0 0 858 974 0 215 0 415 62 410 492 0 190 561 519 2 0 359 0 5 743 688 
88 0 0 212 311 978 505 0 97 274 948 0 801 881 839 238 231 868 795 0 498 134 216 0 797 0 646 222 0 189 829 0 550 205 331 612 0 339 907 433 402 382 0 94 0 673 7 442 95 390 690 610 610 403 989 994 186 0 0 0 381 817 0 426 383 159 0 165 0 532 0 0 589 189 985 247 626 380 0 671 735 188 971 939 15 401 0 0 518 859 203 450 871 687 0 681 688 0 541 0 
946 18 0 0 844 0 691 10 845 296 430 804 0 140 804 311 741 8 679 281 970 409 262 625 810 633 211 392 186 642 498 550 0 811 620 0 855 50 91 489 0 0 198 493 0 715 0 0 714 269 377 24 194 0 771 566 0 759 0 968 240 271 509 75 442 918 924 28 834 937 768 454 525 537 223 592 403 698 0 187 407 480 0 94 280 127 0 788 275 769 282 0 216 447 551 901 648 355 946 9 
283 891 0 577 144 372 388 0 0 728 790 51 471 763 0 63 0 330 466 93 475 994 616 0 648 438 376 118 614 379 926 205 811 0 0 348 899 633 782 763 281 774 0 770 523 133 0 785 331 828 0 0 311 0 484 660 376 688 664 373 178 858 641 0 0 608 163 985 754 377 236 610 95 277 0 331 722 0 0 953 0 197 0 115 909 0 0 0 0 456 0 339 565 635 552 835 0 488 295 943 
89 532 962 717 124 246 756 990 323 387 176 0 0 245 31 516 206 0 656 327 200 862 869 72 0 0 240 223 240 295 422 331 620 0 0 0 309 0 769 901 770 0 0 0 0 760 0 893 0 555 0 0 54 448 0 0 332 621 0 0 974 0 636 0 874 25 295 41 65 0 922 742 655 237 141 839 922 197 496 624 380 0 90 0 263 0 0 655 43 188 231 849 199 499 331 55 608 0 0 809 
0 496 741 147 985 471 0 0 0 390 0 4 0 0 0 798 68 504 0 771 0 359 663 0 0 661 670 562 575 301 796 612 0 348 0 0 260 211 335 908 0 0 0 0 394 504 418 692 631 850 0 501 881 0 374 0 0 1000 560 262 20 559 0 325 441 252 0 0 159 498 593 0 583 0 591 28 0 0 605 0 565 519 260 832 867 714 350 0 277 860 543 0 835 988 276 0 524 0 10 122 
0 547 154 0 251 0 287 867 604 0 0 368 897 0 50 385 0 140 437 0 855 851 0 939 509 0 0 0 0 97 833 0 855 899 309 260 0 925 837 484 669 0 480 864 754 667 0 806 0 332 941 0 256 0 18 0 329 495 0 487 612 755 758 186 764 21 3 375 0 177 565 576 0 43 900 945 0 397 425 0 0 222 29 143 463 598 160 193 0 535 0 568 0 975 18 329 0 0 0 707 
153 1000 427 329 0 111 369 760 0 923 0 0 422 0 86 518 0 16 113 0 255 482 480 349 0 0 0 0 161 0 447 339 50 633 0 211 925 0 0 0 446 129 0 49 182 0 80 197 0 749 183 466 0 0 0 618 654 108 0 0 0 834 532 0 753 276 115 0 0 0 79 0 353 650 138 704 228 276 712 347 861 0 48 75 0 708 115 589 629 852 0 331 382 568 86 821 736 0 0 767 
202 688 478 35 0 855 704 0 943 951 0 0 128 0 790 842 527 854 0 0 57 283 0 0 0 18 1000 511 99 425 195 907 91 782 769 335 837 0 0 0 377 909 592 0 0 492 42 500 485 985 259 754 0 888 442 0 493 0 834 0 834 491 499 834 0 0 849 811 0 898 243 148 0 0 0 0 651 0 868 964 0 78 201 717 440 0 0 48 377 778 643 449 0 0 89 0 0 337 600 818 
633 0 0 844 275 294 622 268 251 880 264 563 219 701 0 687 408 492 139 404 0 808 248 0 947 0 853 141 860 150 0 433 489 763 901 908 484 0 0 0 576 0 0 0 281 145 0 209 684 0 69 0 928 305 0 0 244 494 0 169 298 628 0 13 284 488 0 812 828 185 815 313 0 9 280 0 483 697 0 978 538 886 162 831 368 0 0 0 556 203 677 0 3 880 0 430 0 800 352 0 
605 580 0 461 0 752 0 938 702 0 114 802 0 0 0 87 289 142 0 857 555 0 759 674 947 608 474 0 172 499 775 402 0 281 770 0 669 446 377 576 0 799 829 740 451 514 960 749 892 459 236 185 606 113 37 35 270 986 635 0 934 0 263 209 0 926 656 805 314 418 430 190 758 0 394 115 145 726 981 770 637 268 0 636 0 837 0 0 117 721 369 232 825 368 592 259 280 0 936 439 
455 382 635 0 572 598 111 953 52 327 914 754 759 242 922 54 2 0 251 410 853 554 562 696 75 23 668 406 258 146 905 382 0 774 0 0 0 129 909 0 799 0 0 0 84 216 958 736 154 146 93 0 0 0 355 0 598 379 572 263 474 309 983 673 879 558 856 0 843 0 0 79 0 794 0 301 0 797 454 903 0 818 470 874 0 0 146 460 272 602 715 0 0 623 45 843 979 720 586 981 
258 534 24 0 874 670 0 878 48 180 581 0 752 789 0 255 0 0 180 942 124 0 0 297 51 884 659 0 0 542 885 0 198 0 0 0 480 0 592 0 829 0 0 230 471 0 404 781 0 20 524 0 0 324 0 97 0 0 300 0 633 0 0 618 470 741 278 513 0 0 0 357 869 220 0 631 925 584 712 567 232 860 0 0 548 0 0 512 0 0 37 0 936 0 884 587 359 973 0 0 
0 0 0 604 792 227 126 949 0 0 345 0 942 843 896 719 42 236 601 620 0 555 412 332 0 0 707 905 857 234 590 94 493 770 0 0 864 49 0 0 740 0 230 0 362 21 968 784 387 896 650 118 126 0 903 416 708 731 0 773 0 0 0 815 400 196 0 995 857 726 880 164 898 66 215 713 548 312 540 857 0 0 508 388 672 0 0 0 0 922 0 0 524 211 0 261 0 0 556 109 
619 12 0 197 881 841 0 654 165 0 205 938 0 0 678 661 0 968 388 0 799 0 150 596 738 954 410 994 0 814 166 0 0 523 0 394 754 182 0 281 451 84 471 362 0 462 0 0 0 65 517 459 405 264 0 408 0 0 910 470 0 532 765 571 287 272 9 986 294 0 0 688 175 407 36 105 437 526 990 252 0 555 0 377 904 870 566 252 0 0 234 896 566 653 0 979 997 0 825 0 
480 167 0 280 246 0 0 350 195 777 0 0 0 0 260 437 423 493 203 0 607 322 187 140 0 732 0 381 0 133 291 673 715 133 760 504 667 0 492 145 514 216 0 21 462 0 0 210 0 195 520 231 343 784 519 903 0 384 983 675 0 0 282 0 713 410 0 21 0 876 622 140 0 871 149 0 0 237 594 698 0 100 953 561 0 475 0 39 86 588 571 961 543 439 0 845 377 766 0 0 
769 438 0 193 427 114 798 84 0 0 0 311 432 567 0 0 0 939 397 0 659 93 912 625 929 0 828 0 630 0 26 7 0 0 0 418 0 80 42 0 960 958 404 968 0 0 0 97 361 201 419 678 0 254 0 0 983 711 438 372 107 0 0 0 78 775 0 839 0 72 0 11 0 311 203 420 535 0 0 790 0 63 962 618 0 845 671 596 35 699 257 244 896 142 692 750 0 933 57 719 
59 566 494 0 421 195 0 884 434 36 0 698 771 60 4 821 859 311 0 0 457 222 0 226 903 0 0 0 0 0 375 442 0 785 893 692 806 197 500 209 749 736 781 784 0 210 97 0 174 720 10 189 509 303 941 30 536 0 763 187 156 997 0 201 686 451 685 764 865 139 0 222 0 754 259 532 0 0 46 0 0 830 235 613 420 816 17 0 250 61 218 0 367 945 909 934 67 530 607 0 
201 0 252 652 218 990 560 0 0 66 831 0 928 189 0 449 175 176 792 297 417 649 74 854 0 10 0 0 834 131 867 95 714 331 0 631 0 0 485 684 892 154 0 387 0 0 361 174 0 313 36 192 0 53 0 671 0 0 86 863 93 0 861 319 30 828 742 0 915 775 431 577 25 453 544 888 794 473 782 0 291 395 386 195 232 400 0 478 314 0 564 6 651 0 697 951 0 818 617 661 
0 171 47 348 466 980 943 0 103 0 0 0 449 0 693 595 642 0 348 903 572 65 962 536 546 760 34 0 0 783 450 390 269 828 555 850 332 749 985 0 459 146 20 896 65 195 201 720 313 0 276 922 371 0 100 604 0 98 548 664 58 566 436 233 0 825 843 678 242 0 588 517 102 686 0 235 67 0 0 600 0 0 379 756 935 171 979 0 0 621 0 0 867 880 392 509 0 130 798 740 
262 0 0 0 0 439 407 0 0 401 703 0 0 0 316 286 503 178 566 204 851 56 0 0 648 90 897 363 53 452 251 690 377 0 0 0 941 183 259 69 236 93 524 650 517 520 419 10 36 276 0 0 240 712 823 0 563 718 0 612 264 0 438 0 591 961 0 980 0 15 0 119 658 0 337 592 671 430 0 96 0 990 234 626 526 0 755 541 334 0 24 509 818 0 414 804 736 38 522 740 
472 0 0 508 512 198 124 0 0 650 798 0 37 0 944 75 807 0 137 0 0 658 453 0 538 0 0 863 286 319 686 610 24 0 0 501 0 466 754 0 185 0 0 118 459 231 678 189 192 922 0 0 841 0 319 0 0 906 0 636 0 0 0 110 902 186 0 0 196 282 727 39 0 0 457 0 45 893 0 0 0 476 305 137 867 556 0 712 854 299 0 0 266 607 0 934 784 493 653 81 
405 663 746 0 163 0 939 0 715 304 0 488 375 0 0 78 640 171 885 264 637 0 200 0 320 0 427 526 803 77 0 610 194 311 54 881 256 0 0 928 606 0 0 126 405 343 0 509 0 371 240 841 0 715 0 196 538 395 371 0 120 555 753 0 0 260 0 0 0 733 0 0 951 351 432 0 0 433 0 237 83 0 50 653 405 784 928 431 233 343 515 429 0 0 939 0 514 0 369 738 
166 232 807 913 0 130 768 832 805 245 840 685 602 302 0 795 258 562 99 372 275 0 493 592 0 58 913 934 896 410 964 403 0 0 448 0 0 0 888 305 113 0 324 0 264 784 254 303 53 0 712 0 715 0 511 111 769 0 0 35 556 0 0 0 690 944 118 927 373 587 209 168 0 58 482 0 535 909 580 388 0 30 697 0 981 711 758 0 451 0 0 0 0 334 556 78 936 437 203 283 
0 0 0 706 0 0 954 0 339 0 0 674 963 698 861 240 0 73 907 53 233 478 492 0 0 38 209 352 0 490 0 989 771 484 0 374 18 0 442 0 37 355 0 903 0 519 0 941 0 100 823 319 0 511 0 73 137 942 752 0 0 584 880 877 650 4 0 945 0 0 0 0 219 3 413 15 861 0 0 179 303 0 184 0 407 0 0 0 0 131 912 131 518 639 0 0 0 192 178 921 
671 0 626 654 0 952 0 643 0 326 460 209 748 0 770 209 868 758 0 0 0 334 306 703 523 541 0 286 464 0 392 994 566 660 0 0 0 618 0 0 35 0 97 416 408 903 0 30 671 604 0 0 196 111 73 0 858 875 863 322 0 978 492 867 99 802 348 0 807 956 897 149 0 571 0 0 517 290 753 657 14 402 9 0 0 567 407 0 0 0 704 554 374 42 0 0 596 774 853 0 
494 142 376 576 493 869 381 693 0 681 706 433 647 560 227 771 541 0 857 0 775 269 760 0 258 0 278 0 812 746 51 186 0 376 332 0 329 654 493 244 270 598 0 708 0 0 983 536 0 0 563 0 538 769 137 858 0 904 99 514 0 815 152 900 0 947 0 0 0 792 208 101 857 287 0 46 346 565 531 841 0 0 0 323 327 33 0 0 938 692 0 416 0 73 0 0 200 0 481 0 
0 0 679 808 74 632 626 468 432 341 973 0 95 0 0 0 305 138 420 491 95 968 389 157 0 77 722 838 847 0 0 0 759 688 621 1000 495 108 0 494 986 379 0 731 0 384 711 0 0 98 718 906 395 0 942 875 904 0 653 803 0 167 611 885 47 94 0 952 923 992 744 106 0 899 0 887 460 0 0 523 861 157 388 765 257 488 132 34 669 276 470 495 0 704 957 0 0 0 994 0 
183 372 168 563 586 480 0 0 0 0 924 86 848 507 33 889 11 269 653 0 790 854 0 0 632 473 0 0 0 254 330 0 0 664 0 560 0 0 834 0 635 572 300 0 910 983 438 763 86 548 0 0 371 0 752 863 99 653 0 0 0 244 0 396 0 0 37 377 223 425 610 507 717 0 0 283 966 912 549 464 0 200 369 0 0 848 54 0 379 38 89 540 606 0 0 890 544 139 0 637 
0 0 641 468 398 512 545 587 160 0 317 886 740 309 54 0 781 0 634 801 151 988 812 690 334 792 282 984 13 217 516 0 968 373 0 262 487 0 0 169 0 263 0 773 470 675 372 187 863 664 612 636 0 35 0 322 514 803 0 0 907 562 0 73 720 9 700 0 70 0 597 0 485 875 191 0 441 427 0 104 449 995 0 871 0 0 0 442 478 323 300 0 746 915 0 0 0 0 0 0 
683 598 118 794 434 509 518 16 149 660 46 421 505 870 0 629 706 7 0 0 797 523 0 461 0 907 852 669 0 0 204 381 240 178 974 20 612 0 834 298 934 474 633 0 0 0 107 156 93 58 264 0 120 556 0 0 0 0 0 907 0 350 293 299 0 813 345 325 381 848 516 590 0 607 744 815 996 0 384 138 821 0 112 0 359 0 0 788 533 49 329 464 0 0 0 0 870 902 37 0 
0 239 0 0 265 0 36 884 0 0 891 179 548 173 787 0 785 0 355 0 795 63 355 0 362 0 0 0 475 0 975 817 271 858 0 559 755 834 491 628 0 309 0 0 532 0 0 997 0 566 0 0 555 0 584 978 815 167 244 562 350 0 91 356 211 169 538 913 391 0 0 0 843 813 778 825 0 0 35 266 34 987 394 0 410 396 737 133 639 775 0 0 446 818 944 0 0 0 349 13 
0 0 78 794 161 0 339 353 534 0 375 0 0 470 0 819 458 847 0 178 464 0 254 0 0 0 287 399 42 873 609 0 509 641 636 0 758 532 499 0 263 983 0 0 765 282 0 0 861 436 438 0 753 0 880 492 152 611 0 0 293 91 0 818 716 598 0 926 482 339 966 0 0 0 524 761 150 0 0 680 983 898 774 0 847 564 37 48 871 0 233 349 0 83 967 616 0 74 970 0 
332 0 0 0 265 634 988 0 636 0 32 0 457 732 995 947 836 233 318 0 542 393 463 216 0 360 22 327 11 0 702 426 75 0 0 325 186 0 834 13 209 673 618 815 571 0 0 201 319 233 0 110 0 0 877 867 900 885 396 73 299 356 818 0 962 0 935 1 982 104 291 563 461 437 0 0 66 744 426 259 928 136 438 358 0 0 546 0 56 324 320 0 0 136 53 985 0 928 20 469 
0 0 0 260 0 0 0 611 467 0 649 893 169 0 0 0 846 0 353 276 818 310 165 817 284 752 352 1 707 0 581 383 442 0 874 441 764 753 0 284 0 879 470 400 287 713 78 686 30 0 591 902 0 690 650 99 0 47 0 720 0 211 716 962 0 879 0 803 258 236 222 250 93 821 767 0 0 0 328 204 735 689 0 901 0 691 133 0 23 931 221 37 288 90 0 83 137 716 861 832 
0 0 0 0 582 0 253 0 813 0 849 48 614 224 153 181 643 559 0 0 0 0 161 838 350 275 523 625 916 0 0 159 918 608 25 252 21 276 0 488 926 558 741 196 272 410 775 451 828 825 961 186 260 944 4 802 947 94 0 9 813 169 598 0 879 0 254 0 0 0 479 335 803 0 811 976 271 155 396 0 961 314 422 834 122 735 552 627 809 0 950 295 0 0 458 153 0 623 597 941 
718 548 0 362 0 513 0 0 143 940 96 223 0 578 20 922 960 378 0 560 301 406 0 128 0 0 0 645 290 172 0 0 924 163 295 0 3 115 849 0 656 856 278 0 9 0 0 685 742 843 0 0 0 118 0 348 0 0 37 700 345 538 0 935 0 254 0 703 953 0 163 699 528 971 0 421 502 172 0 578 752 752 489 0 0 420 227 104 413 0 441 536 231 550 768 0 552 0 0 671 
679 35 234 0 0 51 319 25 0 727 0 0 702 272 451 686 968 887 942 372 835 0 491 229 55 0 455 0 158 0 476 165 28 985 41 0 375 0 811 812 805 0 513 995 986 21 839 764 0 678 980 0 0 927 945 0 0 952 377 0 325 913 926 1 803 0 703 0 0 86 604 914 751 268 93 985 624 0 874 394 115 73 0 117 614 136 742 0 902 0 567 897 772 0 204 0 110 0 730 530 
0 831 0 470 0 338 961 0 268 984 653 713 360 590 597 559 0 0 499 867 949 0 46 556 0 143 119 950 342 0 0 0 834 754 65 159 0 0 0 828 314 843 0 857 294 0 0 865 915 242 0 196 0 373 0 807 0 923 223 70 381 391 482 982 258 0 953 0 0 0 0 530 0 922 799 0 812 147 880 0 953 493 0 734 357 0 0 339 616 722 504 0 440 274 0 699 44 0 825 0 
440 53 577 0 910 904 0 751 0 914 0 818 245 729 418 813 0 0 0 0 608 0 0 682 849 337 177 643 495 0 0 532 937 377 0 498 177 0 898 185 418 0 0 726 0 876 72 139 775 0 15 282 733 587 0 956 792 992 425 0 848 0 339 104 236 0 0 86 0 0 887 207 15 0 83 721 832 618 399 168 653 784 810 446 828 0 424 823 794 747 752 471 837 21 504 194 0 0 0 0 
347 911 0 122 202 72 984 502 0 257 435 0 0 984 0 0 219 325 315 888 0 889 346 0 0 961 990 0 397 712 95 0 768 236 922 593 565 79 243 815 430 0 0 880 0 622 0 0 431 588 0 727 0 209 0 897 208 744 610 597 516 0 966 291 222 479 163 604 0 887 0 945 815 842 370 0 426 622 0 725 3 934 0 943 0 378 0 0 571 0 355 385 0 144 903 387 441 203 347 0 
759 361 0 0 0 0 428 0 6 763 0 243 263 631 0 623 1 810 0 0 733 0 979 887 392 603 972 0 79 993 259 0 454 610 742 0 576 0 148 313 190 79 357 164 688 140 11 222 577 517 119 39 0 168 0 149 101 106 507 0 590 0 0 563 250 335 699 914 530 207 945 0 0 0 0 63 0 637 812 550 265 50 246 729 124 106 0 206 0 0 25 467 78 0 34 532 0 503 827 614 
455 765 188 823 0 199 0 657 26 773 0 19 0 0 0 419 0 753 0 0 736 0 77 148 25 83 744 909 788 702 0 589 525 95 655 583 0 353 0 0 758 0 869 898 175 0 0 0 25 102 658 0 951 0 219 0 857 0 717 485 0 843 0 461 93 803 528 751 0 15 815 0 0 0 0 558 894 413 0 344 359 0 0 0 403 0 0 0 603 0 0 420 0 0 976 363 327 0 29 935 
130 247 547 171 439 870 348 44 90 0 0 465 0 874 492 779 390 851 200 542 785 0 831 0 0 934 31 211 543 664 624 189 537 277 237 0 43 650 0 9 0 794 220 66 407 871 311 754 453 686 0 0 351 58 3 571 287 899 0 875 607 813 0 437 821 0 971 268 922 0 842 0 0 0 792 428 908 354 483 575 0 0 823 0 58 0 47 58 452 498 592 242 422 638 592 696 769 568 0 0 
395 0 0 0 0 927 251 517 483 0 0 0 782 0 195 0 800 630 0 0 299 0 0 0 352 450 445 134 467 939 603 985 223 0 141 591 900 138 0 280 394 0 0 215 36 149 203 259 544 0 337 457 432 482 413 0 0 0 0 191 744 778 524 0 767 811 0 93 799 83 370 0 0 792 0 418 0 672 0 800 317 987 50 630 416 82 574 0 166 223 0 368 917 0 991 445 483 0 0 403 
256 778 87 182 270 0 64 872 0 429 477 217 575 0 0 743 430 47 357 0 275 199 0 756 63 51 885 0 527 923 0 247 592 331 839 28 945 704 0 0 115 301 631 713 105 0 420 532 888 235 592 0 0 0 15 0 46 887 283 0 815 825 761 0 0 976 421 985 0 721 0 63 558 428 418 0 0 329 0 398 0 980 0 986 539 306 985 0 742 0 0 266 327 610 400 834 39 266 0 72 
0 978 987 0 603 0 244 0 851 283 382 238 996 0 0 860 0 428 338 0 587 0 0 752 0 155 0 0 235 722 0 626 403 722 922 0 0 228 651 483 145 0 925 548 437 0 535 0 794 67 671 45 0 535 861 517 346 460 966 441 996 0 150 66 0 271 502 624 812 832 426 0 894 908 0 0 0 442 91 8 373 0 213 223 0 0 25 0 48 241 115 0 390 123 246 694 0 159 0 0 
408 442 216 401 565 736 583 369 134 751 895 220 871 719 0 137 347 34 112 920 732 237 167 100 159 680 0 859 942 0 211 380 698 0 197 0 397 276 0 697 726 797 584 312 526 237 0 0 473 0 430 893 433 909 0 290 565 0 912 427 0 0 0 744 0 155 172 0 147 618 622 637 413 354 672 329 442 0 983 916 0 0 0 377 266 186 0 547 0 243 394 0 392 627 528 47 0 839 0 0 
0 505 132 568 417 557 646 770 127 745 710 0 955 439 1 0 55 0 330 972 0 72 658 865 132 447 0 353 965 325 0 0 0 0 496 605 425 712 868 0 981 454 712 540 990 594 0 46 782 0 0 0 0 580 0 753 531 0 549 0 384 35 0 426 328 396 0 874 880 399 0 812 0 483 0 0 91 983 0 0 454 0 588 110 0 0 713 972 950 572 62 456 0 117 112 0 878 512 361 0 
198 202 0 29 513 0 381 543 754 726 0 0 266 344 739 309 254 0 0 857 123 457 360 35 122 860 69 995 387 0 0 671 187 953 624 0 0 347 964 978 770 903 567 857 252 698 790 0 0 600 96 0 237 388 179 657 841 523 464 104 138 266 680 259 204 0 578 394 0 168 725 550 344 575 800 398 8 916 0 0 686 156 25 432 0 415 952 0 939 439 116 0 0 72 0 819 818 0 628 0 
0 0 680 0 846 573 0 0 501 392 751 789 989 775 871 0 0 906 0 739 0 211 0 889 727 0 230 0 68 0 858 735 407 0 380 565 0 861 0 538 637 0 232 0 0 0 0 0 291 0 0 0 83 0 303 14 0 861 0 449 821 34 983 928 735 961 752 115 953 653 3 265 359 0 317 0 373 0 454 686 0 824 0 0 0 877 0 0 0 10 905 217 0 797 345 75 393 300 116 17 
0 381 602 887 42 245 777 537 47 0 668 117 0 0 776 723 0 812 780 29 108 0 706 429 450 0 0 417 40 0 974 188 480 197 0 519 222 0 78 886 268 818 860 0 555 100 63 830 395 0 990 476 0 30 0 402 0 157 200 995 0 987 898 136 689 314 752 73 493 784 934 50 0 0 987 980 0 0 0 156 824 0 0 672 79 0 986 737 0 0 184 0 318 950 25 0 365 508 539 30 
0 631 628 834 234 224 110 570 524 258 589 924 984 0 0 0 907 0 920 760 487 258 245 516 598 843 536 400 74 704 0 971 0 0 90 260 29 48 201 162 0 470 0 508 0 953 962 235 386 379 234 305 50 697 184 9 0 388 369 0 112 394 774 438 0 422 489 0 0 810 0 246 0 823 50 0 213 0 588 25 0 0 0 430 0 896 849 63 327 0 0 603 767 211 259 751 0 0 0 783 
613 0 0 715 629 110 0 0 963 642 0 865 374 593 794 0 20 220 478 592 0 742 760 47 584 0 0 0 0 282 215 939 94 115 0 832 143 75 717 831 636 874 0 388 377 561 618 613 195 756 626 137 653 0 0 0 323 765 0 871 0 0 0 358 901 834 0 117 734 446 943 729 0 0 630 986 223 377 110 432 0 672 430 0 479 930 129 0 0 301 174 874 599 491 0 183 0 958 808 0 
0 17 863 674 0 0 0 402 0 576 0 315 904 865 0 317 0 54 0 594 0 545 763 398 580 47 0 663 566 216 0 15 280 909 263 867 463 0 440 368 0 0 548 672 904 0 0 420 232 935 526 867 405 981 407 0 327 257 0 0 359 410 847 0 0 122 0 614 357 828 0 124 403 58 416 539 0 266 0 0 0 79 0 479 0 226 104 0 673 654 197 0 534 0 684 222 366 423 359 869 
329 51 0 188 0 754 0 399 895 144 476 473 972 509 120 95 0 216 740 0 128 135 129 748 249 0 563 802 251 498 415 401 127 0 0 714 598 708 0 0 837 0 0 0 870 475 845 816 400 171 0 556 784 711 0 567 33 488 848 0 0 396 564 0 691 735 420 136 0 0 378 106 0 0 82 306 0 186 0 415 877 0 896 930 226 0 763 189 0 0 3 708 0 701 822 399 637 728 68 100 
885 0 907 188 202 0 845 866 324 0 146 174 798 649 658 283 992 0 509 964 392 418 350 0 0 800 61 613 86 0 62 0 0 0 0 350 160 115 0 0 0 146 0 0 566 0 671 17 0 979 755 0 928 758 0 407 0 132 54 0 0 737 37 546 133 552 227 742 0 424 0 0 0 47 574 985 25 0 713 952 0 986 849 129 104 763 0 0 666 706 0 372 0 0 0 120 0 0 0 576 
707 0 166 0 0 0 150 962 603 660 48 535 0 0 597 919 393 965 0 885 342 544 0 253 17 0 405 209 0 321 410 0 788 0 655 0 193 589 48 0 0 460 512 0 252 39 596 0 478 0 541 712 431 0 0 0 0 34 0 442 788 133 48 0 0 627 104 0 339 823 0 206 0 58 0 0 0 547 972 0 0 737 63 0 0 189 0 0 0 0 800 617 385 0 923 940 269 507 0 371 
0 437 692 171 301 0 0 246 381 344 357 241 485 357 185 0 0 706 0 488 0 0 0 875 50 404 939 57 0 946 492 518 275 0 43 277 0 629 377 556 117 272 0 0 0 86 35 250 314 0 334 854 233 451 0 0 938 669 379 478 533 639 871 56 23 809 413 902 616 794 571 0 603 452 166 742 48 0 950 939 0 0 327 0 673 0 666 0 0 530 430 59 800 491 399 979 630 255 600 248 
310 560 325 236 705 0 0 0 869 321 964 527 711 908 0 388 0 0 272 0 561 176 55 518 0 500 388 0 911 186 0 859 769 456 188 860 535 852 778 203 721 602 0 922 0 588 699 61 0 621 0 299 343 0 131 0 692 276 38 323 49 775 0 324 931 0 0 0 722 747 0 0 0 498 223 0 241 243 572 439 10 0 0 301 654 0 706 0 530 0 33 0 339 755 305 0 0 0 46 462 
384 0 0 246 0 629 417 349 268 276 228 866 0 0 0 735 756 989 0 33 357 0 540 96 843 0 0 0 144 226 190 203 282 0 231 543 0 0 643 677 369 715 37 0 234 571 257 218 564 0 24 0 515 0 912 704 0 470 89 300 329 0 233 320 221 950 441 567 504 752 355 25 0 592 0 0 115 394 62 116 905 184 0 174 197 3 0 800 430 33 0 616 0 0 166 466 542 113 0 430 
268 203 633 0 432 892 480 173 785 0 0 0 0 704 256 885 580 683 575 952 354 44 388 540 70 0 436 0 901 0 561 450 0 339 849 0 568 331 449 0 232 0 0 0 896 961 244 0 6 0 509 0 429 0 131 554 416 495 540 0 464 0 349 0 37 295 536 897 0 471 385 467 420 242 368 266 0 0 456 0 217 0 603 874 0 708 372 617 59 0 616 0 280 838 433 405 66 453 0 268 
649 843 40 845 0 218 859 278 0 882 621 707 613 153 76 715 720 786 1000 0 618 248 227 781 0 0 0 861 656 614 519 871 216 565 199 835 0 382 0 3 825 0 936 524 566 543 896 367 651 867 818 266 0 0 518 374 0 0 606 746 0 446 0 0 288 0 231 772 440 837 0 78 0 422 917 327 390 392 0 0 0 318 767 599 534 0 0 385 800 339 0 280 0 118 433 0 641 264 133 106 
0 82 906 0 0 952 935 0 869 813 977 599 945 405 0 416 340 385 199 511 117 0 60 0 734 31 0 612 303 283 2 687 447 635 499 988 975 568 0 880 368 623 0 211 653 439 142 945 0 880 0 607 0 334 639 42 73 704 0 915 0 818 83 136 90 0 550 0 274 21 144 0 0 638 0 610 123 627 117 72 797 950 211 491 0 701 0 0 491 755 0 838 118 0 7 525 3 0 389 0 
661 0 172 706 591 0 0 834 265 0 744 0 273 698 0 0 868 0 702 0 0 2 461 891 0 402 0 69 0 0 0 0 551 552 331 276 18 86 89 0 592 45 884 0 0 0 692 909 697 392 414 0 939 556 0 0 0 957 0 0 0 944 967 53 0 458 768 204 0 504 903 34 976 592 991 400 246 528 112 0 345 25 259 0 684 822 0 923 399 305 166 433 433 7 0 0 0 314 0 0 
0 0 0 187 0 978 0 62 61 0 0 279 0 976 770 740 300 572 669 524 855 0 0 684 373 31 754 0 736 923 359 681 901 835 55 0 329 821 0 430 259 843 587 261 979 845 750 934 951 509 804 934 0 78 0 0 0 0 890 0 0 0 616 985 83 153 0 0 699 194 387 532 363 696 445 834 694 47 0 819 75 0 751 183 222 399 120 940 979 0 466 405 0 525 0 0 917 283 0 55 
743 185 466 370 0 716 137 0 25 0 0 348 317 957 611 815 0 0 190 880 949 992 951 46 0 0 473 380 900 857 0 688 648 0 608 524 0 736 0 0 280 979 359 0 997 377 0 67 0 0 736 784 514 936 0 596 200 0 544 0 870 0 0 0 137 0 552 110 44 0 441 0 327 769 483 39 0 0 878 818 393 365 0 0 366 637 0 269 630 0 542 66 641 3 0 917 0 68 0 380 
0 806 225 849 0 0 0 488 881 565 43 947 908 424 0 0 60 187 396 591 0 0 0 789 704 832 0 948 311 309 5 0 355 488 0 0 0 0 337 800 0 720 973 0 0 766 933 530 818 130 38 493 0 437 192 774 0 0 139 0 902 0 74 928 716 623 0 0 0 0 203 503 0 568 0 266 159 839 512 0 300 508 0 958 423 728 0 507 255 0 113 453 264 0 314 283 68 0 0 0 
0 537 916 306 550 0 844 496 0 994 618 988 748 747 778 0 145 864 207 674 0 613 0 430 589 991 0 0 503 237 743 541 946 295 0 10 0 0 600 352 936 586 0 556 825 0 57 607 617 798 522 653 369 203 178 853 481 994 0 0 37 349 970 20 861 597 0 730 825 0 347 827 29 0 0 0 0 0 361 628 116 539 0 808 359 68 0 0 600 46 0 0 133 389 0 0 0 0 0 0 
357 486 0 0 515 115 0 116 0 930 942 619 782 131 610 61 741 0 111 772 0 197 0 0 941 103 303 457 853 877 688 0 9 943 809 122 707 767 818 0 439 981 0 109 0 0 719 0 661 740 740 81 738 283 921 0 0 0 637 0 0 13 0 469 832 941 671 530 0 0 0 614 935 0 403 72 0 0 0 0 17 30 783 0 869 100 576 371 248 462 430 268 106 0 0 55 380 0 0 0 
