250
0 596 926 0 703 271 329 809 578 243 812 852 0 0 219 498 592 295 106 825 661 0 797 558 691 598 0 432 0 0 0 789 611 343 0 0 832 551 0 945 0 711 624 72 498 0 0 0 276 555 481 40 184 0 566 507 0 687 340 100 0 979 306 969 332 480 132 365 0 0 855 0 168 260 0 262 344 312 507 893 0 0 208 828 815 66 0 775 856 16 586 545 787 841 287 2 993 319 491 884 334 682 805 544 0 0 315 269 14 322 540 421 685 951 916 0 412 0 0 253 0 597 0 566 951 824 0 174 425 89 979 962 865 0 0 222 285 0 183 107 850 0 0 0 927 909 206 185 872 952 0 4 550 16 0 445 802 959 965 363 925 617 0 0 0 535 0 368 0 0 223 493 0 699 897 286 195 0 569 451 824 0 229 957 0 819 724 0 0 799 0 535 631 397 0 0 203 371 974 35 846 0 114 739 0 0 208 0 0 583 190 343 480 344 252 0 314 793 0 644 197 580 0 291 0 521 627 0 467 0 858 0 148 0 534 261 309 0 0 452 0 0 0 268 152 0 811 9 289 43
596 0 613 0 665 159 702 390 523 726 648 53 747 404 622 709 0 362 420 0 359 118 0 864 36 591 498 292 658 99 727 0 123 279 974 870 0 0 913 592 913 305 898 50 325 822 0 359 920 0 577 745 0 103 946 0 190 0 997 0 868 548 167 0 659 973 0 0 620 0 109 978 34 280 286 430 0 0 934 76 652 145 0 663 959 67 168 962 0 992 0 683 515 0 0 459 979 0 519 0 621 322 0 894 108 8 256 0 661 477 943 365 375 416 110 665 11 0 0 0 0 0 970 0 817 608 0 785 731 618 894 0 0 0 373 0 0 601 209 199 0 687 655 912 0 0 49 264 0 895 983 243 81 0 554 94 28 46 88 0 544 926 857 795 734 243 578 44 234 945 550 685 753 464 313 401 297 469 117 739 385 230 215 102 650 742 0 291 131 0 934 515 0 273 476 337 524 0 0 0 550 56 68 178 678 0 514 258 771 0 636 639 266 0 0 0 832 0 795 951 960 0 548 36 763 0 0 0 693 174 885 344 744 887 260 828 968 879 0 914 183 0 77 590 426 539 550 836 814 338
926 613 0 284 0 157 269 0 0 921 731 940 769 0 379 453 0 0 0 574 0 790 906 244 0 600 938 890 24 520 561 826 334 276 803 426 380 31 520 415 443 21 510 0 318 774 5 178 0 0 0 0 413 996 719 0 609 782 835 748 808 190 0 949 941 0 484 0 0 82 614 0 300 403 563 0 436 831 89 783 0 741 0 0 736 942 176 57 226 0 0 410 667 895 0 387 971 0 0 0 893 795 61 870 231 285 0 0 822 612 0 625 0 343 963 381 0 0 927 27 227 680 148 381 395 550 0 240 876 477 0 312 0 553 424 843 869 160 549 0 333 290 0 0 523 313 0 943 775 0 211 0 335 540 564 770 28 743 422 19 852 0 511 0 162 960 369 805 142 0 816 491 694 64 0 484 481 114 532 510 899 500 476 0 559 733 68 126 86 0 396 835 0 0 0 899 830 0 0 0 0 0 795 366 938 393 84 669 719 172 0 860 0 0 60 825 662 0 42 581 0 84 59 13 14 448 0 867 863 477 0 696 930 708 67 149 479 934 972 0 475 88 0 608 909 913 923 0 605 0
0 0 284 0 790 0 513 646 274 213 0 0 0 0 0 394 0 590 118 720 768 0 244 0 883 796 235 884 0 78 264 746 0 72 872 453 364 658 702 952 378 632 0 651 0 394 325 549 685 97 118 649 0 0 975 21 0 0 835 0 29 134 0 188 600 186 247 54 936 897 0 0 803 430 658 7 0 828 764 0 718 120 968 257 112 311 0 171 122 742 557 549 983 0 996 257 830 308 558 0 0 669 0 431 0 0 883 0 723 0 469 42 68 830 0 0 726 0 162 842 760 350 0 793 616 234 252 955 254 693 25 0 358 376 238 509 101 376 625 498 838 642 764 892 808 452 584 0 0 322 0 0 739 0 960 0 400 448 0 685 0 155 455 242 123 760 467 788 900 330 105 935 0 102 210 52 0 679 14 462 0 304 504 204 788 0 0 589 466 206 821 262 571 852 547 0 185 155 840 0 0 732 958 761 240 584 933 63 974 0 0 182 477 367 0 0 370 962 0 599 656 715 131 313 379 890 157 471 296 724 63 275 0 0 734 0 484 776 0 357 0 913 401 540 891 483 955 318 617 862
703 665 0 790 0 718 0 922 240 405 0 0 267 279 304 0 0 186 46 34 0 467 0 924 368 0 507 136 0 0 0 999 493 339 755 652 311 68 245 11 990 0 458 1000 28 0 440 932 0 687 8 239 409 0 598 0 0 0 179 0 3 660 529 718 0 12 930 975 485 822 56 991 665 0 836 819 58 892 168 662 0 0 226 12 830 0 0 0 0 837 95 784 0 0 700 0 959 438 0 476 0 873 148 803 858 146 598 391 263 45 0 0 477 220 371 291 233 241 245 576 89 0 205 646 896 0 53 385 615 0 0 0 0 359 0 59 177 0 0 823 0 859 275 0 517 476 578 907 0 852 583 0 0 122 48 0 397 107 0 449 0 685 0 129 516 135 801 85 588 272 819 0 64 906 623 183 717 617 0 850 745 454 681 199 763 0 955 968 516 891 180 76 0 0 144 0 0 361 457 6 0 0 452 176 157 5 462 722 0 340 0 0 76 0 53 461 586 47 0 424 0 713 0 928 415 0 817 0 573 947 426 999 0 512 0 151 450 852 0 0 0 309 730 952 811 733 0 0 0 0
271 159 157 0 718 0 143 874 0 0 923 796 0 801 166 651 912 979 783 0 589 0 449 0 644 942 915 903 149 651 641 0 0 0 0 376 247 57 365 648 927 498 0 297 793 519 677 630 45 0 517 742 955 456 0 961 34 728 0 0 503 0 237 877 0 391 460 0 538 407 659 0 619 114 64 670 913 38 940 209 0 49 0 614 865 584 234 422 767 221 473 382 0 679 562 0 598 977 231 0 557 356 255 0 0 233 745 270 612 0 348 187 335 192 39 752 862 635 0 10 0 727 177 594 0 247 882 517 56 820 0 0 0 0 0 732 298 358 185 432 0 165 326 899 0 285 72 0 96 869 0 613 0 360 751 254 0 485 0 229 511 223 0 273 309 329 0 934 168 990 595 933 0 0 253 0 799 0 50 126 525 0 826 217 198 151 842 0 307 296 0 245 835 455 0 0 665 0 903 0 515 805 576 0 581 0 256 748 735 126 187 478 557 433 546 0 879 0 871 0 688 0 818 304 909 432 85 300 0 0 440 699 0 711 245 402 0 109 0 286 423 0 0 62 939 553 505 831 84 344
329 702 269 513 0 143 0 143 482 0 0 0 225 0 161 289 386 0 0 857 0 315 339 0 936 423 221 0 819 0 0 695 244 452 11 861 0 0 237 0 407 0 148 710 536 554 301 0 231 566 531 0 285 0 947 0 802 333 22 363 389 289 211 20 863 779 227 0 895 19 781 27 311 989 212 814 0 0 693 408 56 879 220 884 409 864 291 0 286 175 0 831 230 180 909 868 969 965 430 583 76 267 466 507 0 23 725 545 682 11 889 366 0 0 749 537 0 149 565 23 0 59 350 0 958 445 658 300 0 470 170 0 756 0 543 524 0 954 0 130 129 683 0 54 936 0 998 88 77 0 440 0 673 248 0 195 185 429 209 280 0 355 314 285 0 0 809 818 864 410 0 51 551 482 201 269 0 0 462 787 0 321 0 696 856 458 873 715 0 0 0 0 0 605 805 0 0 0 0 536 76 630 910 806 477 830 0 0 0 715 779 0 854 478 349 787 0 273 599 0 0 247 459 0 894 0 0 129 605 0 744 369 0 0 298 219 457 831 286 693 82 0 891 912 242 0 729 400 714 0
809 390 0 646 922 874 143 0 383 0 130 62 572 699 348 0 140 0 649 868 0 76 673 826 811 343 630 256 534 0 50 0 682 669 648 760 0 467 900 177 281 955 0 151 0 983 906 0 494 500 831 0 703 546 0 0 125 411 817 0 230 0 0 562 0 657 897 330 687 0 551 432 394 0 603 646 825 129 0 324 118 221 684 157 0 54 40 0 794 782 815 7 798 948 0 0 878 81 0 0 83 0 0 951 570 293 759 170 0 0 0 901 28 248 897 679 26 611 273 314 0 0 646 409 427 0 941 374 0 360 375 0 883 69 436 832 4 0 861 710 0 111 0 641 0 773 692 365 0 896 0 365 14 681 995 693 564 920 251 0 69 72 17 426 212 0 21 159 291 983 0 250 422 654 0 29 0 0 849 84 0 451 834 0 0 106 621 517 0 0 632 42 463 188 49 549 72 0 0 447 808 0 700 648 647 101 159 466 93 915 68 0 814 844 650 0 382 998 465 1 0 0 3 463 0 215 0 960 0 15 29 643 860 753 894 837 977 0 0 0 183 183 315 0 117 0 218 289 612 59
578 523 0 274 240 0 482 383 0 88 787 0 401 0 244 525 0 0 685 512 254 990 443 176 0 646 396 151 200 583 241 36 0 145 121 0 883 0 0 591 866 89 146 155 849 0 0 703 14 427 0 0 0 442 219 785 0 656 756 118 300 529 0 0 33 796 13 483 907 308 358 986 578 0 616 643 488 617 460 645 80 169 537 332 294 0 829 0 0 0 951 948 641 0 0 293 685 631 357 832 0 75 0 199 0 130 285 300 390 669 0 465 327 0 262 436 320 264 727 81 489 305 864 897 0 791 151 523 726 440 444 383 542 921 73 1 615 158 0 0 0 208 101 718 0 327 807 414 331 583 0 0 0 227 892 996 130 539 521 978 0 408 0 563 44 236 437 0 727 56 279 551 293 511 0 904 0 773 536 689 0 956 0 201 727 909 0 183 797 552 0 340 538 4 239 606 505 96 480 768 0 0 0 0 843 236 115 544 886 784 788 166 0 365 772 0 229 165 780 520 428 0 646 811 0 317 400 893 432 0 647 1 77 0 629 725 0 366 623 0 823 352 0 979 481 59 0 0 839 0
243 726 921 213 405 0 0 0 88 0 498 269 0 0 570 204 416 0 158 977 603 490 974 0 886 463 0 791 632 218 0 964 616 0 0 696 896 0 694 818 0 40 412 0 484 0 129 974 0 896 943 371 0 0 453 89 377 213 833 390 657 0 0 655 0 768 368 610 0 848 0 325 329 971 980 231 40 974 89 241 148 208 0 834 614 623 419 0 701 0 160 439 0 121 0 0 0 0 170 305 400 647 279 295 788 0 827 702 34 0 238 924 0 0 52 0 290 0 552 729 0 763 319 0 499 535 0 579 0 934 154 243 0 0 777 0 733 0 0 704 705 234 642 562 476 929 0 129 354 470 632 110 978 426 0 0 232 841 0 0 0 0 534 136 494 0 254 695 0 150 334 216 93 356 763 566 0 718 279 0 506 881 363 416 956 967 0 512 651 829 961 87 0 533 745 0 262 0 985 0 185 837 686 920 234 0 0 633 238 903 648 0 0 519 0 624 0 665 273 128 767 470 386 632 0 0 0 0 0 102 0 260 89 0 429 278 644 584 0 458 951 0 0 446 778 95 756 0 0 0
812 648 731 0 0 923 0 130 787 498 0 676 782 902 917 0 0 836 394 726 104 0 810 979 998 760 666 826 0 689 411 930 320 373 49 39 528 0 841 0 850 0 869 554 410 94 0 0 471 0 40 0 21 356 376 85 0 364 0 225 877 705 0 0 914 21 947 0 504 452 0 0 826 0 562 119 0 101 4 763 0 532 0 482 0 748 358 0 86 665 828 184 400 721 0 0 396 0 0 583 0 73 831 200 0 287 17 485 447 606 869 787 290 403 414 977 16 804 352 236 0 452 0 248 0 78 428 11 0 0 89 423 684 561 786 76 572 137 966 801 304 236 257 6 442 820 982 0 617 689 207 40 0 0 384 0 761 404 913 343 160 451 888 0 250 699 726 618 264 540 787 812 379 427 0 907 0 503 499 0 42 955 0 917 572 108 0 90 592 160 643 0 0 565 0 255 214 416 771 579 401 284 0 737 707 742 950 632 978 658 467 0 0 810 15 20 941 960 0 380 514 385 416 0 0 387 0 0 51 0 261 0 971 680 430 0 0 44 227 768 401 809 126 0 254 0 571 517 317 480
852 53 940 0 0 796 0 62 0 269 676 0 555 119 0 529 859 898 109 0 0 687 511 805 0 0 0 792 0 0 870 963 23 0 0 0 0 0 744 0 0 902 548 0 9 0 0 210 824 117 713 987 773 272 985 0 751 637 0 965 0 95 1000 768 652 867 0 135 269 136 0 920 625 872 461 250 343 824 227 523 268 0 0 406 0 331 460 820 102 0 367 421 532 0 258 187 199 0 242 0 762 0 668 838 391 927 0 596 0 68 867 638 179 298 838 0 0 56 0 106 483 873 743 532 256 922 538 0 54 446 726 689 465 961 348 0 462 327 0 602 999 49 677 249 110 0 0 125 0 293 275 0 0 532 231 388 531 551 60 0 0 571 0 458 217 0 405 912 945 825 794 94 0 872 485 441 771 0 20 511 559 426 0 647 386 0 0 0 0 382 630 16 350 0 0 0 363 0 0 309 81 443 0 400 765 0 395 0 0 109 0 0 576 498 49 702 0 235 63 354 23 529 160 0 0 760 491 943 67 0 318 146 484 560 466 333 702 0 142 117 909 124 667 0 0 0 842 884 827 40
0 747 769 0 267 0 225 572 401 0 782 555 0 112 451 880 353 987 589 562 0 0 0 714 898 869 432 516 199 0 970 0 842 759 758 0 111 872 0 144 412 0 394 406 465 350 97 0 605 0 820 925 0 62 613 485 0 0 941 0 60 413 576 0 0 855 612 945 800 775 850 124 0 961 139 841 0 335 34 424 311 0 928 828 755 667 0 0 253 194 493 647 0 631 253 803 255 0 0 510 0 196 713 0 812 0 899 0 0 334 390 99 0 0 0 614 726 245 816 851 771 0 0 0 12 873 334 0 547 0 350 399 535 316 604 29 495 0 736 367 539 338 0 306 0 0 504 514 996 0 0 112 288 379 683 639 338 0 486 643 713 0 809 845 434 603 0 796 0 545 427 959 738 0 245 436 54 226 0 0 223 494 753 937 0 208 946 140 258 729 719 185 649 807 444 168 0 0 145 0 751 374 0 0 0 848 732 0 362 0 0 595 0 172 47 92 0 326 0 0 558 0 670 575 102 654 597 0 566 432 255 0 327 762 0 120 0 11 80 886 0 0 0 966 0 997 77 847 957 983
0 404 0 0 279 801 0 699 0 0 902 119 112 0 97 350 102 118 0 549 906 0 0 622 0 0 0 985 655 0 435 0 125 0 0 565 0 0 80 116 623 48 623 242 0 0 713 334 576 0 606 141 0 871 27 350 573 0 0 122 399 90 800 292 511 242 0 0 449 975 472 0 761 920 0 661 984 629 357 0 327 0 0 0 132 296 629 221 879 209 884 0 0 190 921 476 613 0 139 0 0 493 0 0 0 0 0 900 708 0 228 567 467 0 0 848 715 0 960 853 25 600 874 167 297 0 0 601 0 559 416 30 0 161 0 0 707 0 781 0 558 429 643 617 0 251 52 712 20 483 0 0 810 0 662 433 279 861 712 0 58 711 659 0 0 0 376 0 0 922 660 682 292 158 65 0 847 448 0 573 0 0 762 856 619 473 0 733 95 261 131 785 575 772 434 0 645 695 0 584 0 647 812 0 0 224 339 0 0 596 741 0 0 0 0 140 739 285 868 340 0 88 834 791 0 386 326 0 0 0 173 0 0 428 0 630 118 279 0 649 608 0 500 168 674 783 606 0 996 0
219 622 379 0 304 166 161 348 244 570 917 0 451 97 0 218 653 0 553 507 878 0 0 464 1000 0 314 405 645 803 502 820 54 0 654 828 440 0 380 958 0 237 181 32 976 277 0 400 247 295 0 617 0 0 0 116 33 471 848 107 307 652 0 0 0 330 643 946 0 875 103 129 651 811 782 579 938 325 149 0 851 242 0 706 82 0 830 532 742 82 0 543 0 176 425 86 600 0 207 38 495 0 833 0 543 260 0 0 697 0 87 915 0 485 270 678 270 0 0 72 365 0 513 982 848 429 740 0 672 0 995 155 124 445 558 578 771 0 871 85 551 828 809 823 222 976 131 124 372 157 0 311 0 102 858 0 399 7 717 0 0 131 0 0 128 0 388 0 376 62 0 726 0 264 0 661 152 498 61 928 272 49 705 532 438 445 524 565 0 211 199 477 0 0 0 217 0 0 522 0 0 408 0 0 453 0 651 381 385 0 357 647 0 0 657 883 203 282 0 646 1 65 263 652 432 894 939 221 456 912 907 607 0 0 56 150 175 0 0 0 0 863 0 0 80 0 946 274 0 381
498 709 453 394 0 651 289 0 525 204 0 529 880 350 218 0 479 236 904 0 0 809 862 690 951 0 0 689 0 928 0 161 0 74 292 0 745 273 0 823 0 985 559 627 932 363 454 8 993 740 719 961 0 631 0 191 475 117 16 705 508 205 0 970 0 285 127 932 0 120 0 9 618 0 846 0 565 0 0 0 586 584 534 365 11 0 594 0 158 527 326 0 0 0 26 604 675 827 819 0 375 0 0 233 544 0 0 642 584 460 746 63 319 0 0 0 0 21 0 0 479 789 535 697 1000 549 766 583 894 864 131 369 993 0 653 0 933 111 854 186 0 954 889 0 889 0 138 872 0 59 308 0 378 617 0 490 0 18 0 67 936 90 290 787 108 296 0 198 0 0 0 288 758 0 0 451 605 0 522 300 0 45 517 630 0 613 882 743 0 812 992 566 286 518 380 249 0 753 0 86 113 358 573 695 362 0 246 91 791 0 0 126 464 468 233 86 776 746 213 815 0 992 492 212 356 407 354 0 805 727 476 735 0 701 36 900 847 280 179 526 195 724 542 875 0 0 394 0 518 491
592 0 0 0 0 912 386 140 0 416 0 859 353 102 653 479 0 2 904 0 0 0 492 460 206 0 0 948 0 196 126 38 298 108 991 862 0 969 100 248 832 0 203 367 0 0 646 748 209 660 0 0 0 368 527 984 919 550 0 324 586 0 495 0 47 505 819 0 0 947 339 917 0 890 857 423 668 0 316 134 434 0 540 989 414 925 0 119 566 229 293 795 900 0 967 0 0 0 455 0 356 545 0 6 0 678 86 0 0 425 0 494 425 727 996 0 857 616 709 147 360 885 0 223 0 826 276 986 784 596 886 71 0 395 196 804 297 411 829 815 944 100 141 860 0 830 868 289 161 0 860 886 744 0 24 530 328 667 0 861 529 157 482 0 0 784 1 0 0 0 0 432 39 396 0 0 0 0 984 419 0 233 51 274 559 0 455 0 860 910 903 0 0 599 655 396 575 191 564 0 686 458 318 3 486 0 0 123 863 0 61 506 4 865 0 567 340 744 619 0 0 0 365 0 280 659 454 451 0 536 575 226 0 0 418 245 0 74 782 0 0 813 0 762 891 186 0 634 549 727
295 362 0 590 186 979 0 0 0 0 836 898 987 118 0 236 2 0 899 0 130 912 815 0 0 0 178 0 248 524 246 792 900 0 0 393 922 768 18 383 34 659 211 680 290 183 0 736 486 810 764 452 340 0 0 0 473 147 0 0 0 0 490 799 716 394 732 771 824 190 957 0 512 0 899 976 206 0 955 453 743 0 0 631 776 232 835 0 0 0 496 535 677 241 662 853 209 931 650 100 229 97 958 0 0 810 3 38 363 831 571 802 912 425 424 719 0 9 412 0 231 472 929 244 373 0 159 120 884 0 133 282 748 757 204 0 908 62 349 0 0 0 772 37 0 525 7 183 276 425 333 0 866 131 51 0 0 906 814 293 0 483 0 301 866 967 167 300 819 521 135 101 400 0 413 772 113 644 925 835 0 0 852 306 518 879 0 87 437 0 96 0 0 64 422 541 322 0 49 67 989 628 0 861 0 614 72 252 843 646 239 344 0 241 876 621 181 872 507 997 772 872 902 0 0 364 0 0 909 890 902 63 0 282 682 640 319 0 641 0 561 371 30 698 436 299 509 207 0 971
106 420 0 118 46 783 0 649 685 158 394 109 589 0 553 904 904 899 0 210 0 0 665 532 853 339 0 689 80 0 774 749 162 686 157 775 0 852 329 425 0 549 355 0 445 656 822 847 0 0 255 0 0 0 991 576 0 0 83 700 791 572 654 165 0 0 236 558 957 746 965 0 171 0 181 13 6 0 0 838 676 0 889 0 0 786 301 0 6 312 0 185 0 613 519 908 0 950 176 798 0 937 177 747 964 799 0 113 856 0 672 999 0 406 594 0 0 924 538 681 0 9 0 452 0 9 0 539 212 428 687 581 479 793 329 701 341 633 0 984 553 757 0 0 560 587 0 441 946 0 603 962 402 388 202 970 955 496 284 0 0 0 0 334 72 264 0 621 0 318 187 681 871 765 38 0 931 392 0 0 0 357 919 0 0 0 492 36 0 263 801 106 0 406 44 0 0 760 0 0 174 0 271 9 117 588 914 499 0 0 0 17 0 0 518 291 667 354 0 0 0 526 28 0 0 0 0 537 0 0 0 156 0 0 0 895 237 176 678 496 904 0 777 483 912 835 617 209 306 629
825 0 574 720 34 0 857 868 512 977 726 0 562 549 507 0 0 0 210 0 995 123 981 122 814 0 687 0 0 862 45 843 0 119 267 262 258 12 571 699 892 115 0 700 555 0 0 897 183 0 0 0 916 0 0 829 681 0 882 980 841 10 0 760 962 0 254 698 57 520 403 334 0 0 675 597 0 593 0 161 0 941 205 398 0 477 431 660 0 0 365 202 0 117 0 894 903 498 817 760 0 884 0 0 0 0 290 637 354 279 0 142 0 128 354 850 581 254 853 874 962 101 85 0 541 693 0 814 0 0 674 0 741 730 42 537 0 892 452 786 271 15 579 0 844 501 617 298 0 0 0 210 961 0 542 473 906 183 552 276 664 0 0 0 444 936 240 293 508 0 996 729 0 112 904 941 0 0 419 290 90 965 89 575 890 513 595 869 702 0 110 371 0 0 596 284 216 0 329 82 726 0 0 507 676 333 33 603 0 0 0 0 782 577 938 0 0 1 167 115 784 862 0 0 61 817 0 62 76 546 0 491 44 301 977 885 296 0 567 121 0 0 494 734 756 755 507 330 50 167
661 359 0 768 0 589 0 0 254 603 104 0 0 906 878 0 0 130 0 995 0 572 0 975 716 0 0 49 979 489 0 655 343 939 0 0 653 221 0 22 0 952 0 786 415 855 0 0 0 561 916 454 60 982 307 101 33 808 0 832 0 0 894 109 998 314 976 0 0 488 795 0 0 151 0 0 1 0 0 318 0 889 669 739 0 0 0 372 31 854 0 0 982 288 659 491 966 721 293 513 739 0 736 441 763 169 0 0 616 4 0 78 0 0 88 932 506 346 177 883 0 60 11 375 354 0 865 517 831 0 90 410 0 221 459 868 0 0 452 129 952 0 749 559 841 372 0 545 22 618 306 0 765 953 909 412 132 858 237 985 859 259 693 356 186 702 282 791 976 0 600 0 438 554 0 267 0 0 266 623 939 136 392 102 0 492 450 789 119 0 118 0 0 502 956 795 162 168 161 228 144 434 703 996 0 966 0 49 0 296 517 76 797 142 729 530 880 309 0 23 382 477 308 133 0 748 0 0 0 119 271 790 0 402 488 605 575 448 0 3 177 619 259 0 494 888 839 0 35 198
0 118 790 0 467 0 315 76 990 490 0 687 0 0 0 809 0 912 0 123 572 0 543 0 657 0 325 0 0 590 448 569 790 0 137 687 418 770 0 812 0 0 175 1000 42 510 86 793 353 896 490 8 0 47 0 0 0 0 0 860 0 644 188 455 0 0 355 304 0 0 0 0 13 972 290 398 0 278 583 865 492 18 0 840 798 527 0 140 0 662 0 0 679 0 0 531 981 885 399 559 763 155 430 53 418 547 0 818 996 886 453 0 652 494 0 0 771 945 0 0 0 0 457 886 80 0 630 273 944 38 964 0 0 396 0 0 917 0 772 631 180 884 22 431 507 897 0 394 0 595 0 874 594 583 592 640 931 480 0 0 0 0 880 745 0 870 879 0 383 606 0 405 234 842 416 342 0 296 0 888 0 58 981 822 0 377 949 598 0 68 134 0 363 546 76 637 191 0 0 148 475 0 206 0 893 0 772 270 0 24 0 436 0 441 458 209 181 712 807 147 0 0 505 902 147 172 779 209 240 77 207 143 0 354 730 584 25 0 0 816 0 934 259 0 544 855 39 579 175 741
797 0 906 244 0 449 339 673 443 974 810 511 0 0 0 862 492 815 665 981 0 543 0 855 0 268 557 993 359 521 5 883 681 762 0 905 0 654 0 925 0 0 73 0 216 831 610 776 67 309 916 970 0 0 987 526 850 34 749 968 0 636 0 317 0 206 818 0 377 0 460 0 0 0 0 610 767 608 508 0 876 0 673 725 0 643 0 0 404 461 563 0 0 661 0 713 904 532 927 789 934 107 422 0 433 938 560 960 153 429 918 137 0 460 614 0 323 38 0 281 5 776 0 977 743 998 242 343 266 97 0 956 136 0 415 199 0 0 493 934 453 271 992 0 545 447 678 0 184 0 0 175 847 235 735 0 806 653 142 223 0 0 338 979 771 0 0 879 0 221 227 411 952 570 466 0 534 646 576 156 726 331 708 707 767 252 0 569 157 230 857 0 0 0 276 0 6 297 533 630 0 772 209 595 966 288 0 14 387 669 0 267 738 0 0 0 0 47 994 703 777 259 733 884 295 137 928 824 758 0 847 0 0 0 546 0 0 325 46 0 965 0 254 0 156 0 556 397 300 503
558 864 244 0 924 0 0 826 176 0 979 805 714 622 464 690 460 0 532 122 975 0 855 0 594 0 417 973 560 0 0 242 224 494 413 583 597 0 140 101 117 0 439 677 737 920 505 204 0 659 0 377 57 503 0 282 479 0 11 237 716 476 89 0 0 0 59 0 395 0 223 168 259 172 754 0 197 720 316 869 912 0 0 549 20 997 691 677 0 366 437 165 310 0 166 27 154 506 900 0 788 0 678 758 0 0 0 0 711 0 177 0 895 889 427 0 0 331 952 312 0 894 417 302 169 243 58 0 0 560 416 0 0 292 804 0 460 228 790 984 934 602 613 0 661 0 0 0 102 32 251 0 0 314 998 968 950 281 367 0 0 0 658 13 956 0 0 448 453 0 19 126 131 552 214 32 825 0 463 27 623 0 696 340 635 791 153 522 569 0 193 498 0 91 538 984 805 0 341 912 0 154 739 877 324 0 796 955 0 0 0 0 217 0 785 688 394 0 741 873 850 889 413 613 0 944 196 305 0 0 644 529 951 158 757 0 822 340 682 36 317 804 0 36 930 625 72 164 384 0
691 36 0 883 368 644 936 811 0 886 998 0 898 0 1000 951 206 0 853 814 716 657 0 594 0 328 812 56 262 602 0 190 297 911 89 796 443 287 305 123 0 705 342 0 0 32 176 0 659 419 496 19 571 737 0 635 709 0 952 0 447 930 227 0 391 199 400 224 811 699 537 204 896 116 751 0 0 441 418 0 578 0 0 0 389 18 729 446 0 0 0 882 0 0 17 643 991 646 338 0 779 492 927 548 0 3 668 227 364 0 559 0 484 811 18 490 392 0 0 587 0 983 509 376 0 0 566 970 445 763 10 0 30 430 507 703 179 142 494 741 98 457 0 634 554 0 330 471 224 660 425 751 986 0 298 632 0 487 0 931 416 716 127 222 552 0 960 160 415 595 548 767 877 628 0 657 0 474 215 0 464 460 136 413 681 615 419 374 791 0 0 63 0 0 327 0 85 0 0 444 0 0 878 290 617 839 661 0 571 453 318 534 586 554 932 623 982 0 0 689 543 0 804 25 509 627 0 180 116 460 48 423 0 357 0 336 9 354 0 872 392 5 0 670 820 0 349 585 518 0
598 591 600 796 0 942 423 343 646 463 760 0 869 0 0 0 0 0 339 0 0 0 268 0 328 0 27 302 337 624 883 436 873 0 879 636 918 435 63 468 627 822 148 171 0 259 0 810 326 208 319 971 0 0 641 874 0 301 0 0 0 95 0 437 767 387 432 0 863 530 365 269 393 183 0 569 0 0 546 254 125 132 0 388 123 0 0 511 727 0 715 0 655 629 432 0 0 0 531 48 0 0 267 992 0 0 0 0 850 534 779 0 575 25 0 700 0 0 0 0 614 0 747 256 265 0 476 0 0 0 0 189 0 0 299 0 887 0 109 586 811 65 0 0 651 523 0 0 806 510 425 0 834 879 571 530 240 349 425 860 863 402 0 760 230 0 336 791 0 250 0 447 255 24 0 0 690 781 722 791 0 271 0 721 0 0 0 0 376 353 267 274 0 445 190 0 0 526 212 926 442 0 0 264 804 99 86 413 444 211 445 700 0 35 0 0 959 0 0 0 484 0 0 690 175 538 666 959 254 287 903 0 426 101 35 0 30 659 644 120 535 569 0 88 0 0 0 0 0 412
0 498 938 235 507 915 221 630 396 0 666 0 432 0 314 0 0 178 0 687 0 325 557 417 812 27 0 725 747 0 862 0 0 265 989 533 964 533 584 159 149 492 0 0 249 0 723 884 653 983 720 513 355 542 0 686 0 0 58 805 470 0 0 142 106 733 897 0 0 0 968 387 870 223 459 0 740 895 669 368 797 0 0 726 0 132 0 0 114 0 0 0 162 292 0 709 0 393 340 0 0 866 0 861 925 906 203 695 434 0 160 765 509 415 129 261 149 696 0 0 80 407 788 625 0 708 693 537 369 819 872 295 877 192 663 398 859 0 351 541 58 840 0 240 0 307 824 350 196 0 634 659 0 0 268 742 709 0 199 848 65 105 0 333 0 0 269 612 58 0 788 660 0 666 603 882 610 0 49 350 0 0 907 146 196 368 687 430 646 824 365 575 891 0 241 0 0 0 638 334 274 732 667 238 248 656 493 0 815 0 0 0 500 596 0 783 0 975 0 0 902 532 966 73 522 0 347 0 974 636 0 729 999 672 233 170 74 779 0 0 0 0 191 0 0 761 511 598 260 0
432 292 890 884 136 903 0 256 151 791 826 792 516 985 405 689 948 0 689 0 49 0 993 973 56 302 725 0 860 67 543 0 348 321 0 502 0 71 488 979 0 836 375 252 682 877 452 0 136 581 887 15 0 149 651 603 793 0 400 0 739 0 0 461 865 272 0 0 968 715 91 546 530 0 459 917 24 0 0 0 0 497 540 178 616 0 386 258 0 393 930 294 640 241 761 997 752 764 343 863 0 275 225 288 813 790 908 0 0 51 0 471 0 487 165 150 0 182 0 72 566 791 315 67 0 311 47 973 966 317 476 0 727 0 591 884 491 0 129 809 643 0 845 0 339 33 956 796 0 0 101 986 57 898 615 126 863 0 780 140 613 788 572 463 0 204 441 2 0 0 0 528 281 706 0 0 0 378 0 0 0 0 430 0 616 962 870 58 514 809 0 97 0 440 507 0 596 496 629 0 0 195 178 0 487 0 467 291 855 296 833 488 0 284 826 0 579 300 834 0 0 0 0 983 157 797 268 192 0 783 176 0 396 80 298 0 820 139 975 0 0 899 384 0 220 840 472 272 863 392
0 658 24 0 0 149 819 534 200 632 0 0 199 655 645 0 0 248 80 0 979 0 359 560 262 337 747 860 0 905 405 266 0 0 0 2 362 868 958 636 378 0 0 949 453 447 0 784 0 0 0 0 858 771 670 69 0 436 0 287 0 0 0 320 0 168 398 212 537 0 605 523 0 707 629 314 542 646 750 0 0 0 0 284 223 351 897 716 248 0 753 0 929 0 317 0 958 0 355 0 42 0 423 406 0 0 686 0 579 885 0 0 988 880 112 65 0 575 71 759 299 0 723 0 141 602 643 0 0 476 641 632 799 73 323 268 784 405 130 376 963 537 0 951 64 164 955 0 220 82 0 439 998 0 0 57 356 777 515 5 929 230 160 990 0 0 853 0 339 0 862 59 471 90 36 45 0 675 786 319 74 0 678 283 224 0 0 313 0 204 164 0 121 81 0 0 613 934 958 194 0 342 600 581 554 0 667 430 823 637 321 619 0 61 319 837 576 0 789 249 0 378 147 196 768 769 0 612 0 85 0 256 0 570 0 664 789 680 784 233 32 966 11 816 7 843 157 933 626 10
0 99 520 78 0 651 0 0 583 218 689 0 0 0 803 928 196 524 0 862 489 590 521 0 602 624 0 67 905 0 284 688 562 0 938 703 0 889 0 354 514 82 0 842 575 950 111 570 735 342 885 0 339 142 164 422 492 313 714 260 0 357 0 141 0 0 414 279 620 0 333 0 144 570 585 416 709 0 236 278 964 828 0 537 498 0 943 455 0 0 134 0 0 0 720 977 184 0 925 0 679 435 67 0 949 724 598 606 0 0 846 0 0 502 276 955 0 83 0 382 0 403 316 565 676 811 415 758 835 0 0 371 746 0 0 138 577 870 307 0 0 454 0 205 440 739 0 675 513 538 369 308 550 0 0 495 0 973 0 581 0 980 0 264 682 194 0 0 161 815 51 0 0 0 4 72 467 397 0 0 714 188 975 0 0 423 0 47 877 144 0 52 0 0 804 101 490 911 0 907 0 356 463 433 706 0 912 0 287 45 0 533 402 0 0 0 645 0 766 990 878 461 365 809 771 0 751 0 689 282 198 817 273 389 0 0 589 523 570 215 86 585 238 43 279 443 0 550 879 657
0 727 561 264 0 641 0 50 241 0 411 870 970 435 502 0 126 246 774 45 0 448 5 0 0 883 862 543 405 284 0 589 453 847 0 470 906 540 375 0 514 162 0 0 246 417 687 0 0 339 539 234 206 66 725 880 0 0 0 444 14 0 448 0 465 696 517 370 806 0 0 870 944 708 244 0 244 758 648 538 0 0 0 0 627 463 510 365 57 0 0 0 617 0 632 282 604 175 203 0 0 225 510 240 193 71 965 0 760 174 494 0 363 683 519 0 0 0 0 736 932 0 0 276 386 832 0 644 326 153 0 0 0 36 58 0 0 562 0 65 419 692 0 723 0 0 291 293 0 799 425 0 315 938 0 0 0 0 0 490 367 389 98 0 0 998 125 0 0 0 0 0 0 0 375 0 0 16 177 0 276 0 387 910 0 81 0 0 849 0 158 363 577 0 294 421 783 0 928 838 0 0 848 108 706 0 975 31 571 896 13 543 935 917 395 543 163 0 102 243 0 13 0 0 940 163 0 992 584 0 634 184 699 0 244 42 86 76 197 112 788 508 0 0 791 839 0 0 114 0
789 0 826 746 999 0 695 0 36 964 930 963 0 0 820 161 38 792 749 843 655 569 883 242 190 436 0 0 266 688 589 0 853 86 0 0 161 678 0 0 492 171 518 486 652 906 116 0 338 795 0 546 0 0 799 758 783 292 670 0 842 866 849 503 673 952 716 516 0 0 0 613 593 515 756 74 72 81 0 558 0 818 207 909 307 0 895 863 373 723 0 693 465 181 612 808 446 0 0 608 891 38 0 0 0 162 839 110 124 0 0 0 980 119 0 997 890 137 512 541 0 252 0 879 562 0 135 946 0 386 86 0 832 0 628 40 667 0 0 0 756 724 0 0 180 603 0 882 293 330 329 282 700 431 932 538 416 66 289 0 626 678 133 639 0 588 257 386 814 40 0 390 359 922 789 520 530 0 110 150 0 608 699 830 596 0 0 639 0 0 67 0 506 274 930 613 509 989 989 1000 0 553 909 411 814 93 532 0 395 0 0 580 688 282 0 0 0 946 113 0 135 0 0 0 764 0 0 443 0 440 0 223 217 954 583 180 399 0 275 682 0 721 0 402 204 548 839 975 156 824
611 123 334 0 493 0 244 682 0 616 320 23 842 125 54 0 298 900 162 0 343 790 681 224 297 873 0 348 0 562 453 853 0 896 254 944 807 165 0 999 485 0 0 0 349 0 0 0 935 0 92 330 772 244 975 777 52 0 0 592 935 0 0 551 268 940 0 402 629 787 433 567 0 268 480 425 0 347 50 0 280 368 0 532 326 11 828 135 921 0 553 321 0 255 518 845 530 986 843 593 943 40 271 0 745 893 9 331 0 489 820 440 836 0 0 0 516 0 887 0 195 152 0 421 341 584 0 0 72 441 675 591 707 0 0 0 495 0 304 0 527 315 361 939 832 735 98 0 0 0 871 608 893 0 709 677 189 282 231 284 126 904 0 0 86 560 0 434 775 712 0 332 0 709 174 723 426 190 51 675 659 0 404 588 641 94 0 365 525 937 0 287 0 118 792 431 0 41 707 0 593 791 0 543 318 258 0 0 533 977 526 338 0 0 21 137 888 797 318 261 595 0 257 0 714 250 421 488 0 362 431 0 290 477 853 62 0 0 150 0 742 730 0 323 0 0 748 20 622 485
343 279 276 72 339 0 452 669 145 0 373 0 759 0 0 74 108 0 686 119 939 0 762 494 911 0 265 321 0 0 847 86 896 0 224 766 789 755 0 152 0 0 0 117 602 0 367 0 249 434 772 0 431 354 971 545 162 733 29 928 599 551 177 0 154 931 1 0 0 886 961 756 189 0 273 232 733 897 707 0 493 268 444 0 393 0 0 0 614 471 0 427 0 929 496 623 0 761 442 0 113 0 935 0 101 361 595 456 0 293 889 465 0 854 557 0 345 722 586 0 0 37 68 532 0 246 0 611 163 237 735 552 0 831 838 709 828 484 897 460 21 0 813 899 915 0 181 489 433 326 0 0 0 626 262 0 562 0 185 0 274 167 370 1000 0 878 401 0 891 0 0 301 854 571 0 50 781 897 496 699 141 992 0 153 729 106 634 592 0 695 119 750 892 35 6 322 239 0 0 182 459 186 0 412 608 0 185 904 748 148 0 0 0 696 279 0 0 580 110 190 7 19 578 349 0 306 117 57 0 291 228 396 765 652 88 403 717 327 390 0 950 88 767 653 0 911 735 435 130 458
0 974 803 872 755 0 11 648 121 0 49 0 758 0 654 292 991 0 157 267 0 137 0 413 89 879 989 0 0 938 0 0 254 224 0 642 0 330 463 751 702 170 0 955 8 0 0 0 531 610 144 961 421 0 0 82 0 0 909 30 0 978 382 0 0 0 0 906 0 0 528 557 111 0 14 0 173 673 0 0 397 677 234 686 478 270 0 0 924 671 0 558 114 0 0 0 961 40 954 0 964 306 995 470 736 705 803 343 764 442 0 0 573 0 173 627 712 348 0 61 211 360 68 978 925 280 783 113 906 520 153 248 0 0 692 431 1 0 537 487 711 90 147 0 839 0 473 756 254 814 898 0 902 110 0 691 160 680 0 99 294 374 149 964 846 0 96 297 466 0 0 883 358 0 761 678 174 911 140 892 0 0 926 339 210 354 727 0 277 937 258 370 398 349 865 981 335 715 139 222 40 388 0 0 0 819 471 35 727 437 604 260 2 259 484 565 271 321 900 261 0 59 0 95 0 0 292 0 0 829 284 0 45 760 0 362 0 87 0 546 616 566 0 532 428 643 691 428 0 182
0 870 426 453 652 376 861 760 0 696 39 0 0 565 828 0 862 393 775 262 0 687 905 583 796 636 533 502 2 703 470 0 944 766 642 0 966 0 776 177 0 990 0 501 351 788 63 736 737 539 854 0 224 290 201 0 553 417 838 221 0 364 0 0 0 421 941 197 0 720 295 0 317 653 66 0 905 411 550 329 114 408 613 357 544 0 924 42 66 825 0 485 494 667 345 609 793 509 589 806 736 739 802 38 730 329 935 45 556 422 534 0 0 421 0 0 0 0 0 627 0 0 210 641 602 0 685 873 157 0 0 0 105 0 0 522 0 164 960 0 265 269 0 449 140 238 94 743 0 925 356 473 72 0 0 0 114 919 182 690 267 895 0 424 0 112 46 0 783 764 630 99 228 0 289 0 134 906 930 165 761 572 907 0 0 676 940 703 855 967 88 0 0 0 0 0 0 910 0 0 520 997 890 796 0 710 642 63 175 624 704 0 459 0 269 60 543 892 0 348 595 584 914 756 0 0 0 0 0 407 94 634 103 852 543 619 279 0 877 466 823 663 0 81 606 0 0 687 597 604
832 0 380 364 311 247 0 0 883 896 528 0 111 0 440 745 0 922 0 258 653 418 0 597 443 918 964 0 362 0 906 161 807 789 0 966 0 367 336 799 920 446 0 2 328 691 975 0 370 0 602 999 44 0 183 454 442 657 870 837 648 796 691 62 1000 190 315 0 43 534 0 679 373 685 157 154 828 612 483 384 749 315 710 430 655 739 415 678 350 422 749 0 0 215 293 71 324 248 734 211 233 986 239 0 926 783 224 0 515 604 589 0 682 520 959 464 382 79 970 0 410 229 245 918 836 153 0 819 594 290 481 62 233 0 853 0 391 499 294 271 0 0 522 584 497 0 626 250 399 892 0 863 0 990 0 0 0 157 0 0 0 7 0 819 211 478 555 0 0 96 601 718 0 101 457 350 776 129 94 905 404 206 581 456 51 0 0 430 885 649 31 197 0 780 36 0 144 713 402 413 582 171 251 299 184 163 696 0 4 0 270 0 0 0 395 414 0 0 463 540 0 325 982 449 0 469 19 477 723 0 293 359 608 0 447 704 0 894 0 375 0 209 98 0 0 819 0 357 763 0
551 0 31 658 68 57 0 467 0 0 0 0 872 0 0 273 969 768 852 12 221 770 654 0 287 435 533 71 868 889 540 678 165 755 330 0 367 0 136 937 808 996 0 8 209 0 0 0 0 938 700 0 0 0 290 0 662 547 160 478 515 321 319 0 0 0 0 498 991 841 0 194 71 14 245 533 476 189 749 8 0 217 0 0 789 679 553 0 0 0 187 582 0 0 0 696 696 280 580 942 881 21 673 152 890 0 189 381 295 247 922 250 122 77 386 0 481 0 975 0 0 327 276 501 897 0 435 865 521 90 955 686 0 0 664 0 0 772 860 340 955 375 0 0 0 0 791 0 952 716 140 522 638 315 0 0 71 705 139 95 0 708 396 863 398 819 0 107 535 513 470 0 0 971 992 605 0 949 214 968 860 138 61 861 982 0 941 899 0 968 903 822 601 794 46 729 599 277 383 732 716 799 3 0 456 646 101 0 0 626 500 976 339 360 270 444 0 625 3 352 0 0 0 0 742 0 853 854 456 157 966 27 303 625 0 534 0 541 521 209 789 0 999 808 43 271 0 349 949 0
0 913 520 702 245 365 237 900 0 694 841 744 0 80 380 0 100 18 329 571 0 0 0 140 305 63 584 488 958 0 375 0 0 0 463 776 336 136 0 348 0 0 911 653 0 305 316 809 363 0 483 663 776 98 838 449 0 944 726 484 546 337 0 0 782 355 443 866 0 0 0 529 105 253 970 654 996 0 0 557 538 765 330 614 0 181 147 789 673 0 626 10 605 136 179 508 789 481 250 0 0 66 350 330 0 0 858 0 324 374 809 819 0 314 287 854 848 70 425 665 228 646 587 0 398 745 598 0 989 667 919 354 860 0 0 878 606 0 0 124 515 309 290 780 179 357 727 33 0 0 0 48 0 449 995 148 0 811 45 637 972 0 0 532 0 107 904 354 115 486 0 986 0 535 0 224 258 801 216 0 354 43 123 182 950 0 654 0 786 602 0 98 0 719 637 496 564 633 0 63 732 653 629 964 495 0 193 0 939 0 296 0 0 0 666 717 992 132 788 0 53 433 0 741 473 0 74 0 607 25 448 294 209 578 894 575 0 772 0 949 769 271 966 8 258 897 70 731 42 754
945 592 415 952 11 648 0 177 591 818 0 0 144 116 958 823 248 383 425 699 22 812 925 101 123 468 159 979 636 354 0 0 999 152 751 177 799 937 348 0 454 704 862 783 272 24 418 0 576 857 726 641 13 427 0 502 0 359 0 744 30 0 922 486 909 731 0 799 860 969 0 148 411 273 301 441 0 402 0 391 0 7 81 778 356 103 364 23 0 681 0 406 0 0 737 840 765 0 0 944 700 601 616 0 416 839 0 978 517 0 748 676 3 0 721 347 844 554 196 0 842 0 325 137 37 12 763 593 251 0 321 997 453 331 519 0 652 0 666 929 903 450 0 708 551 26 104 503 505 667 166 0 0 568 27 0 407 0 0 762 890 924 432 410 0 671 0 568 424 64 972 0 0 815 182 0 0 577 61 169 0 0 197 0 559 0 0 829 568 0 870 978 0 894 0 0 136 0 0 0 735 0 272 89 744 872 496 0 53 0 551 150 0 235 0 560 668 693 931 791 29 24 0 0 0 181 0 326 0 0 396 99 569 917 941 719 319 756 0 351 81 0 728 876 0 249 555 0 915 0
0 913 443 378 990 927 407 281 866 0 850 0 412 623 0 0 832 34 0 892 0 0 0 117 0 627 149 0 378 514 514 492 485 0 702 0 920 808 0 454 0 634 759 326 449 196 730 557 0 0 920 348 555 520 980 0 0 0 223 27 0 357 420 544 0 179 550 706 736 827 537 100 384 588 0 853 334 0 866 0 0 883 500 0 87 547 201 790 809 196 973 719 50 0 60 687 577 144 0 698 0 75 483 907 0 156 899 0 21 523 0 168 237 0 803 749 754 443 203 0 509 637 240 981 0 0 0 898 57 708 0 753 479 813 0 665 224 0 62 820 672 286 662 979 0 0 0 919 993 3 56 0 0 309 0 577 158 453 696 0 0 66 0 426 237 0 795 394 117 28 778 262 960 0 0 929 380 762 882 991 60 844 156 0 362 939 0 845 94 0 36 956 0 86 203 800 0 436 173 894 0 816 0 614 0 0 684 781 322 468 315 869 441 575 150 425 553 162 150 306 204 0 420 173 957 382 444 0 0 377 0 164 92 385 29 291 94 846 264 690 0 0 0 753 965 185 219 462 970 115
711 305 21 632 0 498 0 955 89 40 0 902 0 48 237 985 0 659 549 115 952 0 0 0 705 822 492 836 0 82 162 171 0 0 170 990 446 996 0 704 634 0 375 0 920 115 304 377 788 900 217 0 197 0 691 196 945 176 650 445 110 0 951 0 0 609 832 812 0 754 902 314 879 471 845 23 160 0 0 301 746 0 82 0 268 0 0 0 0 734 748 0 804 0 814 488 0 0 603 0 0 0 626 765 0 0 0 423 695 257 37 219 390 570 498 424 504 0 387 613 0 479 0 235 0 0 380 633 381 0 714 999 558 0 0 624 0 0 122 546 588 450 212 0 367 528 130 130 15 0 736 965 469 0 0 894 130 534 487 608 616 0 0 773 577 61 796 462 0 735 325 0 141 328 69 0 0 493 0 211 0 41 0 0 248 396 0 0 546 186 585 322 862 0 0 0 0 264 0 228 130 0 438 974 942 801 939 0 785 0 76 778 334 260 153 56 126 839 247 623 136 0 584 665 330 0 637 909 666 592 255 238 0 0 554 0 0 751 317 120 408 294 0 754 446 82 0 0 307 0
624 898 510 0 458 0 148 0 146 412 869 548 394 623 181 559 203 211 355 0 0 175 73 439 342 148 0 375 0 0 0 518 0 0 0 0 0 0 911 862 759 375 0 360 0 0 930 689 347 0 144 480 0 868 800 987 921 308 0 0 835 13 510 730 0 0 642 920 379 848 263 0 0 776 776 710 814 553 0 483 150 947 0 0 78 437 0 201 0 0 590 103 0 0 143 0 0 0 958 0 66 615 198 0 687 0 0 0 784 106 747 0 501 485 8 0 987 417 0 42 610 0 497 0 99 878 0 200 0 139 792 252 479 509 0 233 0 655 478 0 0 0 937 921 641 950 742 70 779 541 718 455 0 0 744 424 973 187 0 90 767 332 0 709 0 78 857 82 0 0 141 892 0 423 209 0 69 832 0 590 77 405 593 0 0 390 18 657 261 0 0 575 9 341 511 243 170 392 844 925 174 0 330 563 629 534 526 0 386 793 347 243 527 821 0 0 0 72 283 865 941 19 420 55 0 896 244 0 586 0 0 101 0 944 0 413 0 878 42 0 727 68 373 0 0 151 811 822 0 0
72 50 0 651 1000 297 710 151 155 0 554 0 406 242 32 627 367 680 0 700 786 1000 0 677 0 171 0 252 949 842 0 486 0 117 955 501 2 8 653 783 326 0 360 0 97 446 0 0 748 312 0 263 0 0 0 819 499 832 746 0 243 360 970 611 877 786 623 0 689 585 0 656 672 518 443 213 670 0 665 664 807 821 212 0 469 906 573 0 387 0 276 0 784 0 0 856 508 0 267 325 652 9 0 422 899 54 314 793 246 730 226 177 927 643 848 83 282 101 256 933 0 0 0 317 265 445 508 707 0 852 0 19 561 0 995 994 0 372 25 0 668 0 914 966 0 128 538 625 0 291 232 875 342 747 0 275 0 531 260 975 579 736 159 247 703 667 0 556 665 0 0 118 687 0 267 0 0 0 0 116 168 0 504 873 813 61 181 180 228 603 0 554 0 496 497 883 0 276 223 0 0 586 142 174 0 0 0 709 723 529 369 0 353 118 192 689 0 55 85 0 0 768 729 818 624 43 650 427 960 0 560 978 624 57 0 0 426 0 0 0 258 0 834 739 903 953 658 0 0 0
498 325 318 0 28 793 536 0 849 484 410 9 465 0 976 932 0 290 445 555 415 42 216 737 0 0 249 682 453 575 246 652 349 602 8 351 328 209 0 272 449 920 0 97 0 472 704 823 599 921 190 0 0 741 0 0 905 223 270 401 513 360 0 0 949 14 0 319 0 445 855 309 0 0 573 547 527 173 0 0 936 434 916 0 451 270 323 0 0 70 886 0 512 0 693 106 732 45 862 0 845 641 617 548 499 213 0 590 0 350 713 16 0 592 0 0 433 118 900 85 406 0 937 674 0 978 781 788 0 253 0 447 315 194 564 256 840 693 529 0 509 0 0 0 566 111 673 205 821 0 630 571 750 101 269 530 373 308 729 67 559 411 0 443 621 0 306 907 513 885 0 102 695 3 380 830 684 811 0 393 0 78 892 484 752 413 0 849 863 753 172 0 0 35 0 792 321 845 0 0 559 0 0 813 0 432 951 0 133 957 880 0 370 589 492 280 993 0 0 213 92 0 0 727 632 133 102 586 0 66 213 603 105 411 733 4 441 116 367 0 909 754 0 467 299 0 592 0 67 265
0 822 774 394 0 519 554 983 0 0 94 0 350 0 277 363 0 183 656 0 855 510 831 920 32 259 0 877 447 950 417 906 0 0 0 788 691 0 305 24 196 115 0 446 472 0 929 0 865 988 0 262 0 0 539 580 662 418 201 0 923 151 106 749 884 304 642 0 872 0 0 280 20 289 551 0 702 484 373 809 526 20 849 197 804 65 491 0 370 0 0 903 0 134 0 834 582 962 833 880 79 498 799 0 0 873 661 831 0 789 37 596 905 337 0 32 0 165 0 977 672 79 48 0 667 0 671 0 859 610 268 601 333 627 38 0 166 0 74 0 611 782 404 0 43 0 0 926 613 991 430 410 619 965 0 369 555 62 918 0 362 0 0 0 130 32 0 0 327 83 0 704 3 346 400 0 366 234 947 409 0 602 0 6 222 0 984 633 754 0 0 19 573 645 963 54 74 0 746 662 0 575 574 756 0 0 811 263 0 0 224 0 382 188 0 116 339 188 960 0 317 15 432 532 363 128 941 759 733 725 801 0 9 979 104 273 793 0 496 0 355 122 900 683 0 555 760 606 0 0
0 0 5 325 440 677 301 906 0 129 0 0 97 713 0 454 646 0 822 0 0 86 610 505 176 0 723 452 0 111 687 116 0 367 0 63 975 0 316 418 730 304 930 0 704 929 0 575 789 473 946 932 0 58 430 0 0 801 0 930 172 455 0 0 601 194 617 0 647 781 842 661 436 52 721 440 703 764 376 0 0 543 0 630 110 312 973 344 836 930 0 0 794 674 812 410 441 254 393 720 670 0 877 145 28 0 585 252 0 0 588 28 0 301 0 0 369 764 366 714 906 545 684 0 507 303 0 641 157 663 831 0 355 0 0 0 84 162 559 761 859 0 0 0 725 381 0 724 0 864 0 0 0 327 0 388 682 954 0 673 509 865 240 809 593 307 184 0 0 473 209 62 364 0 0 851 909 0 733 271 166 0 155 259 434 0 0 525 0 118 577 975 459 586 692 0 0 0 282 0 0 0 803 0 834 0 826 0 684 977 38 189 856 0 621 892 0 399 0 488 981 49 945 0 442 88 0 285 517 366 955 997 575 0 356 238 455 827 811 841 0 0 0 69 428 243 301 808 0 0
0 359 178 549 932 630 0 0 703 974 0 210 0 334 400 8 748 736 847 897 0 793 776 204 0 810 884 0 784 570 0 0 0 0 0 736 0 0 809 0 557 377 689 0 823 0 575 0 825 0 487 709 0 621 208 829 790 0 930 402 661 814 713 789 634 732 0 718 0 243 866 0 721 762 0 421 851 825 239 0 190 559 0 0 689 167 0 0 873 903 595 758 51 0 80 0 585 0 581 638 7 0 283 0 235 0 0 762 0 0 0 16 3 662 706 543 0 782 0 0 777 43 959 0 813 362 825 0 0 916 770 0 744 0 412 942 0 495 848 589 316 209 0 212 264 337 916 45 788 47 719 925 664 665 873 703 0 0 764 650 325 864 250 0 257 450 132 379 473 0 140 566 0 581 869 199 629 899 979 405 698 445 302 0 261 629 591 92 159 349 257 957 858 12 633 853 0 0 105 0 136 711 550 109 958 0 240 208 884 0 580 832 825 0 0 0 497 541 735 308 642 753 507 851 575 758 75 314 0 549 39 665 302 919 685 566 502 247 86 359 282 0 201 249 780 798 404 327 274 626
