100
0 364 0 157 0 0 0 662 0 0 0 5 0 0 0 0 0 0 228 0 0 0 0 494 0 0 0 0 0 0 0 0 0 0 0 356 0 0 0 0 605 586 0 0 259 0 0 0 933 0 851 0 0 423 0 567 0 0 0 0 0 561 0 273 0 418 0 264 436 0 442 0 0 0 285 0 725 999 0 0 0 0 167 794 0 0 0 0 0 0 383 979 0 160 0 805 156 0 0 0
364 0 191 0 722 0 0 210 543 0 0 0 0 0 0 0 0 0 47 0 0 0 0 0 43 742 0 0 0 90 836 0 0 333 0 0 0 0 0 924 783 0 0 0 308 336 121 0 0 0 632 0 0 0 872 491 0 0 0 222 0 0 0 919 0 158 0 65 724 0 0 0 0 0 0 0 0 0 0 0 298 0 0 842 321 286 0 0 0 0 627 0 0 0 0 0 0 0 0 0
0 191 0 663 0 99 0 0 0 0 0 0 0 0 0 0 579 0 0 572 0 11 0 790 659 0 0 0 37 0 0 0 950 0 962 0 797 487 875 0 0 0 868 0 924 261 0 0 0 966 0 370 0 0 0 0 339 0 0 0 0 0 600 0 724 99 0 512 17 0 0 0 0 0 304 735 0 0 169 0 809 571 616 0 0 145 0 0 0 0 0 0 119 0 0 485 0 0 0 0
157 0 663 0 953 0 0 0 480 0 0 747 0 0 0 0 0 0 0 818 530 0 199 939 785 0 0 0 0 0 0 0 281 0 0 0 0 0 0 0 0 0 0 372 0 0 0 677 0 777 196 939 0 0 0 0 0 0 0 0 909 0 367 33 0 29 0 0 0 0 0 0 20 616 0 638 0 0 0 0 882 984 0 971 0 731 0 773 775 0 0 0 0 0 0 0 0 0 0 0
0 722 0 953 0 986 0 617 0 0 0 0 0 821 0 707 0 297 0 0 787 0 0 690 0 0 0 0 345 0 0 0 0 64 0 0 0 0 0 0 0 0 0 0 0 0 0 0 0 0 0 451 0 0 0 567 493 0 0 0 23 0 587 0 0 0 0 0 0 0 0 287 0 0 0 0 0 491 0 947 585 0 0 626 0 0 263 0 0 436 0 0 0 513 0 0 114 343 437 0
0 0 99 0 986 0 236 0 807 0 0 0 0 0 0 353 0 0 0 0 0 549 505 0 0 0 0 0 0 0 375 0 0 0 0 0 0 0 248 566 0 0 0 0 0 0 0 0 0 784 0 0 0 59 0 0 429 0 0 994 0 0 0 961 0 717 0 0 0 114 190 0 0 0 0 0 0 0 0 0 0 0 0 0 0 0 0 657 0 0 0 899 0 0 0 0 0 980 0 0
0 0 0 0 0 236 0 943 0 0 0 0 0 0 0 468 0 0 0 0 0 0 0 0 0 923 0 0 234 859 0 0 475 282 0 0 751 621 0 0 0 0 184 0 0 0 495 0 0 0 820 0 0 587 0 0 0 0 0 888 535 0 185 0 954 0 0 0 25 0 0 380 0 813 0 222 773 0 0 0 0 0 0 796 0 0 0 0 686 0 0 80 7 615 0 0 0 240 0 0
662 210 0 0 617 0 943 0 309 683 20 582 0 0 0 0 0 0 0 0 0 0 0 0 0 0 0 0 0 0 0 0 0 0 0 0 0 240 0 151 0 0 0 0 543 0 0 0 125 773 0 0 0 0 0 0 0 0 0 708 0 0 300 0 0 0 0 0 0 0 0 0 0 0 0 0 325 0 941 0 0 681 764 512 0 317 0 383 0 0 0 0 0 675 0 467 0 0 0 0
0 543 0 480 0 807 0 309 0 937 385 0 0 0 0 328 532 0 0 113 0 0 0 335 0 0 0 0 0 0 528 516 0 0 486 0 0 0 529 82 0 0 0 0 0 39 24 0 93 0 0 271 0 793 0 0 0 211 0 0 0 218 0 0 432 0 272 0 228 820 0 666 0 453 0 716 792 0 259 0 768 578 0 221 755 0 0 0 0 0 0 0 0 0 0 69 0 0 0 0
0 0 0 0 0 0 0 683 937 0 848 482 0 981 0 463 0 220 0 0 0 543 0 0 0 0 0 556 362 0 0 522 0 0 0 0 0 0 0 0 0 0 0 0 0 683 817 121 251 0 0 0 0 0 0 0 0 986 0 47 515 0 0 0 0 0 0 0 0 495 543 237 55 0 0 0 0 0 0 0 0 0 0 0 0 0 0 615 0 0 658 0 0 75 0 0 0 0 0 0
0 0 0 0 0 0 0 20 385 848 0 864 957 0 0 0 0 0 330 0 0 0 0 0 0 646 0 376 0 0 870 503 0 0 0 409 0 0 0 41 0 0 0 685 0 0 168 286 0 283 0 0 0 0 207 0 0 565 819 0 0 0 0 0 993 0 0 0 0 316 0 334 11 0 269 0 0 690 825 555 0 0 169 234 0 0 0 0 0 0 0 260 0 0 0 0 0 0 0 513
5 0 0 747 0 0 0 582 0 482 864 0 235 0 0 0 0 0 0 0 0 0 187 0 0 0 0 0 0 0 0 0 0 0 0 0 0 0 0 0 0 0 0 0 0 0 0 0 69 0 0 0 0 0 0 0 935 422 0 295 0 0 0 0 0 539 0 0 0 0 0 0 0 0 0 0 0 0 0 48 0 0 0 0 0 325 0 0 0 0 0 0 0 0 769 623 0 0 119 0
0 0 0 0 0 0 0 0 0 0 957 235 0 894 0 0 0 0 774 220 0 0 0 0 0 472 997 495 0 0 0 0 542 0 0 576 0 0 0 0 0 0 0 0 0 0 0 0 0 0 0 0 0 0 0 0 0 5 0 0 604 0 561 0 0 462 0 0 0 0 791 792 0 990 0 0 0 0 746 0 0 0 0 266 0 276 0 0 0 0 0 0 0 0 365 0 0 0 0 0
0 0 0 0 821 0 0 0 0 981 0 0 894 0 851 0 0 0 0 0 0 403 118 0 0 0 0 0 0 894 0 778 733 0 0 64 0 667 17 0 0 0 0 0 196 0 0 0 0 0 479 0 0 0 0 0 477 680 0 967 0 0 968 653 0 0 707 320 0 0 0 181 0 0 607 236 410 0 0 0 0 0 843 317 0 315 0 0 0 0 0 223 506 0 0 0 391 0 0 0
0 0 0 0 0 0 0 0 0 0 0 0 0 851 0 608 217 0 0 692 0 860 0 726 196 0 0 0 0 0 0 175 0 994 0 0 0 0 0 0 500 0 0 0 148 0 0 0 0 0 139 0 0 12 0 0 0 0 0 0 148 178 0 0 0 0 305 0 637 0 0 0 0 0 293 0 248 0 0 27 0 0 0 0 0 642 0 0 0 0 501 0 0 896 0 0 291 0 0 0
0 0 0 0 707 353 468 0 328 463 0 0 0 0 608 0 69 0 0 712 0 0 0 158 0 0 0 0 0 721 42 421 0 0 789 0 842 0 0 0 366 0 0 0 0 129 0 385 516 0 584 0 0 116 0 0 834 0 755 0 0 0 0 0 0 0 857 0 0 207 617 0 0 0 0 0 748 0 0 665 0 0 0 0 0 774 0 396 0 0 0 0 0 0 0 0 0 483 0 0
0 0 579 0 0 0 0 0 532 0 0 0 0 0 217 69 0 698 0 0 0 0 0 879 829 0 64 0 0 0 0 0 391 0 0 0 0 0 0 0 0 0 0 260 0 0 0 628 296 818 0 0 0 0 25 0 0 0 0 0 0 0 990 0 0 0 0 513 0 0 471 0 0 0 0 41 544 0 0 0 0 0 156 0 0 540 28 0 815 0 847 0 970 0 217 0 902 0 0 0
0 0 0 0 297 0 0 0 0 220 0 0 0 0 0 0 698 0 982 0 0 0 0 0 0 0 938 0 0 0 0 0 251 820 0 0 480 424 821 0 0 0 0 239 0 691 0 0 0 0 346 0 0 0 0 0 828 833 692 0 0 0 0 0 17 485 0 0 0 0 441 0 0 872 0 0 0 0 0 0 0 791 0 0 0 725 0 0 76 311 390 0 0 0 0 0 0 0 62 0
228 47 0 0 0 0 0 0 0 0 330 0 774 0 0 0 0 982 0 194 0 836 629 0 0 0 499 0 603 539 0 0 0 0 561 0 540 275 0 0 0 0 0 0 495 0 0 0 0 0 215 0 0 0 948 768 0 0 0 0 771 0 0 282 0 958 0 963 0 0 0 745 0 0 0 52 594 0 393 433 0 0 0 846 440 0 0 0 284 0 0 86 0 0 0 245 0 0 0 0
0 0 572 818 0 0 0 0 113 0 0 0 220 0 692 712 0 0 194 0 292 0 257 0 924 0 706 522 134 0 209 172 300 632 757 0 0 0 385 0 218 0 0 0 0 398 0 0 513 0 852 756 0 0 0 0 0 737 0 0 0 663 0 164 0 0 804 0 0 0 0 0 700 0 0 0 16 0 0 0 0 0 0 0 0 0 0 749 0 0 942 0 0 0 0 0 0 0 441 0
0 0 0 530 787 0 0 0 0 0 0 0 0 0 0 0 0 0 0 292 0 10 74 303 0 0 452 0 257 466 0 0 0 0 516 288 0 0 333 676 0 0 0 0 0 914 787 0 0 0 0 0 0 0 0 0 0 913 0 0 0 0 0 0 20 0 0 218 0 657 0 0 0 0 0 833 813 3 0 0 0 0 0 724 0 0 0 0 0 395 0 0 0 0 316 0 0 0 0 0
0 0 11 0 0 549 0 0 0 543 0 0 0 403 860 0 0 0 836 0 10 0 241 0 0 0 948 0 748 486 852 0 0 0 0 0 641 0 0 493 0 0 0 0 0 0 0 0 590 0 0 0 0 0 0 0 0 0 0 947 0 0 0 713 0 0 0 0 483 0 0 0 260 0 0 941 0 850 0 0 0 0 560 0 706 0 778 0 0 418 0 0 0 507 0 0 0 0 695 0
0 0 0 199 0 505 0 0 0 0 0 187 0 118 0 0 0 0 629 257 74 241 0 643 559 934 187 394 981 0 0 0 0 435 934 0 0 0 0 0 245 0 0 0 735 0 0 0 0 0 130 62 0 0 0 0 487 462 635 936 0 129 0 822 0 0 0 0 0 0 0 0 883 0 0 136 285 0 0 0 0 0 0 0 0 0 0 0 0 0 0 0 0 919 0 59 0 0 635 0
494 0 790 939 690 0 0 0 335 0 0 0 0 0 726 158 879 0 0 0 303 0 643 0 480 529 0 524 0 0 0 0 0 0 0 0 0 89 0 0 824 0 0 0 19 0 0 195 706 0 0 239 0 464 0 0 0 0 0 0 0 375 0 0 592 0 0 641 0 0 0 64 0 0 0 0 0 0 183 895 822 0 681 0 0 508 0 0 0 589 982 0 0 0 0 0 0 0 0 467
0 43 659 785 0 0 0 0 0 0 0 0 0 0 196 0 829 0 0 924 0 0 559 480 0 775 0 0 0 0 0 0 0 0 0 594 0 0 229 0 0 0 0 0 0 0 0 722 0 0 638 354 0 0 0 0 667 0 556 0 0 0 0 260 0 0 0 436 0 653 0 0 798 0 0 294 0 0 0 0 936 0 0 729 0 0 245 0 0 0 626 0 626 0 929 0 0 0 0 0
0 742 0 0 0 0 923 0 0 0 646 0 472 0 0 0 0 0 0 0 0 0 934 529 775 0 914 0 340 939 0 405 849 0 140 0 0 350 723 533 19 640 561 0 157 0 0 0 0 0 0 864 0 0 654 0 0 839 547 0 954 0 0 0 0 0 0 0 0 801 0 0 0 0 0 797 0 0 0 0 0 0 315 0 0 921 0 434 0 0 0 443 0 0 455 0 0 746 319 367
0 0 0 0 0 0 0 0 0 0 0 0 997 0 0 0 64 938 499 706 452 948 187 0 0 914 0 918 884 0 0 619 0 476 330 0 140 571 323 0 806 750 122 0 267 0 0 0 0 286 0 0 0 509 0 753 0 698 461 0 0 0 0 0 0 0 0 0 0 0 0 764 0 0 0 0 0 0 243 0 0 0 43 0 0 0 714 0 0 0 0 841 999 0 0 0 0 204 0 0
0 0 0 0 0 0 0 0 0 556 376 0 495 0 0 0 0 0 0 522 0 0 394 524 0 0 918 0 672 0 0 909 828 0 0 0 0 0 0 0 0 331 0 0 0 0 169 592 0 3 615 0 439 0 0 0 0 0 16 335 0 0 0 841 0 0 0 0 821 0 702 0 0 0 0 220 0 445 207 0 0 0 0 0 508 539 0 628 0 0 984 0 0 0 0 0 53 0 0 0
0 0 37 0 345 0 234 0 0 362 0 0 0 0 0 0 0 0 603 134 257 748 981 0 0 340 884 672 0 661 0 0 0 769 26 0 0 0 193 0 710 576 0 0 0 779 300 0 0 0 0 0 0 570 0 0 555 0 0 504 0 0 0 0 0 987 463 0 960 0 0 0 502 998 0 0 0 0 0 0 0 0 82 947 0 0 9 0 0 0 0 0 31 0 0 0 0 792 41 0
0 90 0 0 0 0 859 0 0 0 0 0 0 894 0 721 0 0 539 0 466 486 0 0 0 939 0 0 661 0 145 0 875 0 243 0 282 0 0 0 0 0 0 0 0 0 432 0 0 0 118 0 852 0 0 0 0 0 0 865 0 0 861 0 782 0 0 0 0 0 0 208 0 0 0 0 0 0 0 0 0 367 0 980 0 150 583 0 0 0 0 451 586 4 432 826 909 0 0 0
0 836 0 0 0 375 0 0 528 0 870 0 0 0 0 42 0 0 0 209 0 852 0 0 0 0 0 0 0 145 0 507 0 0 0 708 881 0 0 0 0 0 0 0 150 0 0 867 0 0 0 0 165 0 0 646 0 0 105 0 0 799 372 0 0 0 0 0 0 0 0 0 0 0 0 0 888 0 402 0 0 0 4 0 0 0 0 0 0 26 0 0 998 0 0 0 0 923 0 0
0 0 0 0 0 0 0 0 516 522 503 0 0 778 175 421 0 0 0 172 0 0 0 0 0 405 619 909 0 0 507 0 24 576 879 0 626 0 0 599 0 516 0 0 645 0 117 0 184 897 0 0 65 0 345 0 0 0 0 0 0 0 0 130 0 0 0 0 0 0 0 185 358 0 454 935 0 0 0 0 178 0 0 63 556 981 0 0 56 0 920 0 0 899 79 609 0 644 870 0
0 0 950 281 0 0 475 0 0 0 0 0 542 733 0 0 391 251 0 300 0 0 0 0 0 849 0 828 0 875 0 24 0 687 325 0 0 927 0 0 873 0 0 0 0 551 398 0 0 0 0 0 0 616 0 309 314 0 717 667 0 680 0 0 0 912 0 0 634 810 0 0 0 0 922 0 0 0 0 349 33 0 0 0 0 0 0 0 0 0 889 952 234 0 0 475 938 0 0 459
0 333 0 0 64 0 282 0 0 0 0 0 0 0 994 0 0 820 0 632 0 0 435 0 0 0 476 0 769 0 0 576 687 0 170 0 0 0 0 548 0 0 0 0 538 0 0 0 147 176 0 0 0 443 0 0 691 0 0 774 0 0 0 0 745 0 0 0 0 0 0 0 0 0 392 0 0 822 0 483 0 0 0 0 0 0 0 0 0 0 0 0 0 0 0 0 0 0 0 0
0 0 962 0 0 0 0 0 486 0 0 0 0 0 0 789 0 0 561 757 516 0 934 0 0 140 330 0 26 243 0 879 325 170 0 329 0 0 0 849 0 0 0 0 19 0 0 0 0 326 0 0 0 486 643 0 0 0 884 0 493 0 0 0 33 0 0 0 0 0 159 0 0 0 0 0 0 0 0 404 0 0 0 0 0 712 0 0 0 0 291 0 0 0 0 910 0 175 0 0
356 0 0 0 0 0 0 0 0 0 409 0 576 64 0 0 0 0 0 0 288 0 0 0 594 0 0 0 0 0 708 0 0 0 329 0 672 0 0 629 0 0 19 0 0 0 0 423 0 0 0 589 0 0 0 0 874 0 390 0 172 0 0 0 0 937 0 0 0 324 0 946 0 0 338 620 0 0 0 839 0 0 361 120 0 0 909 412 0 0 0 96 0 0 747 0 0 300 0 0
0 0 797 0 0 0 751 0 0 0 0 0 0 0 0 842 0 480 540 0 0 641 0 0 0 0 140 0 0 282 881 626 0 0 0 672 0 757 0 369 66 0 764 427 0 0 0 0 238 0 0 0 176 259 0 0 0 600 0 0 913 806 0 0 0 638 0 0 0 21 0 936 701 0 0 0 0 332 0 973 0 867 0 0 0 594 0 0 0 0 500 0 0 0 0 0 0 691 0 0
0 0 487 0 0 0 621 240 0 0 0 0 0 667 0 0 0 424 275 0 0 0 0 89 0 350 571 0 0 0 0 0 927 0 0 0 757 0 271 0 0 47 0 0 0 0 0 0 397 0 0 0 333 0 0 0 984 561 990 0 0 0 0 0 191 0 0 0 0 770 0 0 0 0 0 640 0 0 0 0 618 0 751 0 0 0 0 0 0 0 899 739 0 36 0 0 638 27 335 0
0 0 875 0 0 248 0 0 529 0 0 0 0 17 0 0 0 821 0 385 333 0 0 0 229 723 323 0 193 0 0 0 0 0 0 0 0 271 0 332 295 0 0 0 494 0 137 0 847 0 0 748 0 0 0 0 0 113 0 0 0 0 0 0 0 305 0 120 0 0 0 0 0 964 0 0 983 0 0 0 475 0 412 0 0 0 0 0 0 0 0 712 0 0 0 0 0 935 0 0
0 924 0 0 0 566 0 151 82 0 41 0 0 0 0 0 0 0 0 0 676 493 0 0 0 533 0 0 0 0 0 599 0 548 849 629 369 0 332 0 694 0 487 0 0 527 403 0 0 0 0 0 480 0 0 0 453 0 0 0 0 0 0 0 0 0 0 0 104 0 0 0 125 778 885 0 0 0 0 976 0 0 0 0 0 781 0 16 0 0 0 0 310 0 0 0 788 567 0 0
605 783 0 0 0 0 0 0 0 0 0 0 0 0 500 366 0 0 0 218 0 0 245 824 0 19 806 0 710 0 0 0 873 0 0 0 66 0 295 694 0 118 0 0 0 0 427 0 903 0 0 0 0 616 0 0 829 0 0 0 0 251 0 334 0 0 744 0 0 53 0 0 995 0 0 0 58 664 957 0 0 0 0 0 0 0 457 0 947 48 0 0 0 0 396 0 0 0 0 0
586 0 0 0 0 0 0 0 0 0 0 0 0 0 0 0 0 0 0 0 0 0 0 0 0 640 750 331 576 0 0 516 0 0 0 0 0 47 0 0 118 0 547 0 0 983 0 0 0 0 194 0 0 0 428 0 0 357 115 0 381 0 0 250 62 51 812 788 0 0 0 0 248 0 0 0 0 205 0 911 0 0 0 0 0 0 0 0 0 15 0 0 0 0 667 0 0 901 0 0
0 0 868 0 0 0 184 0 0 0 0 0 0 0 0 0 0 0 0 0 0 0 0 0 0 561 122 0 0 0 0 0 0 0 0 19 764 0 0 487 0 547 0 928 0 0 0 0 0 0 0 301 0 0 126 0 0 343 0 0 19 0 0 945 105 0 0 0 408 0 436 755 0 606 0 278 0 0 0 0 0 710 0 0 0 0 0 0 0 0 877 707 0 0 580 498 730 768 0 0
0 0 0 372 0 0 0 0 0 0 685 0 0 0 0 0 260 239 0 0 0 0 0 0 0 0 0 0 0 0 0 0 0 0 0 0 427 0 0 0 0 0 928 0 11 0 0 0 159 793 0 476 0 964 84 0 0 890 0 510 0 0 0 0 0 818 71 974 423 0 0 0 0 627 0 25 0 0 263 300 0 531 0 201 86 0 0 694 520 0 0 0 0 917 0 0 0 0 0 0
259 308 924 0 0 0 0 543 0 0 0 0 0 196 148 0 0 0 495 0 0 0 735 19 0 157 267 0 0 0 150 645 0 538 19 0 0 0 494 0 0 0 0 11 0 397 0 377 0 0 0 0 270 0 769 0 66 0 144 0 968 0 10 0 0 0 0 0 0 469 0 0 159 18 284 0 0 474 568 0 0 0 0 450 373 723 917 557 0 0 0 622 0 0 0 0 0 152 210 0
0 336 261 0 0 0 0 0 39 683 0 0 0 0 0 129 0 691 0 398 914 0 0 0 0 0 0 0 779 0 0 0 551 0 0 0 0 0 0 527 0 983 0 0 397 0 535 0 0 0 0 0 0 0 579 0 0 861 0 0 0 699 0 0 0 0 271 513 369 0 0 493 0 0 0 0 0 0 0 0 489 187 0 0 0 0 0 0 566 0 594 0 0 0 0 0 780 0 0 0
0 121 0 0 0 0 495 0 24 817 168 0 0 0 0 0 0 0 0 0 787 0 0 0 0 0 0 169 300 432 0 117 398 0 0 0 0 0 137 403 427 0 0 0 0 535 0 431 0 668 0 130 542 0 0 0 153 0 0 116 390 443 0 0 0 0 740 0 0 0 900 0 0 0 726 0 0 0 451 870 572 0 0 581 0 382 0 893 0 673 0 0 0 0 0 0 0 0 0 96
0 0 0 677 0 0 0 0 0 121 286 0 0 0 0 385 628 0 0 0 0 0 0 195 722 0 0 592 0 0 867 0 0 0 0 423 0 0 0 0 0 0 0 0 377 0 431 0 95 0 0 0 0 940 782 837 0 0 0 705 0 0 501 0 0 553 0 0 0 0 628 0 0 0 91 0 0 0 420 0 0 193 370 506 775 396 0 0 0 0 0 363 239 0 0 0 0 912 7 0
933 0 0 0 0 0 0 125 93 251 0 69 0 0 0 516 296 0 0 513 0 590 0 706 0 0 0 0 0 0 0 184 0 147 0 0 238 397 847 0 903 0 0 159 0 0 0 95 0 869 0 795 0 0 0 0 0 0 982 0 470 0 0 146 0 539 111 0 753 0 90 0 0 0 0 0 0 0 0 0 0 0 290 0 0 115 0 0 0 0 0 914 0 0 889 714 0 0 384 0
0 0 966 777 0 784 0 773 0 0 283 0 0 0 0 0 818 0 0 0 0 0 0 0 0 0 286 3 0 0 0 897 0 176 326 0 0 0 0 0 0 0 0 793 0 0 668 0 869 0 976 0 0 0 583 0 50 0 364 0 0 18 0 425 0 0 396 0 0 0 0 0 0 0 0 820 0 424 0 0 557 53 0 354 0 0 0 0 0 0 0 129 0 0 0 0 0 0 0 185
851 632 0 196 0 0 820 0 0 0 0 0 0 479 139 584 0 346 215 852 0 0 130 0 638 0 0 615 0 118 0 0 0 0 0 0 0 0 0 0 0 194 0 0 0 0 0 0 0 976 0 738 0 0 0 980 0 281 0 0 854 0 0 0 436 0 0 0 0 0 0 0 0 0 0 365 0 0 0 0 0 0 0 938 331 0 0 0 0 27 0 996 998 990 0 6 0 0 0 0
0 0 370 939 451 0 0 0 271 0 0 0 0 0 0 0 0 0 0 756 0 0 62 239 354 864 0 0 0 0 0 0 0 0 0 589 0 0 748 0 0 0 301 476 0 0 130 0 795 0 738 0 878 0 0 0 0 0 914 0 0 0 483 0 0 610 0 0 0 629 0 0 0 0 0 0 0 0 927 0 0 425 0 0 0 0 0 0 0 0 0 355 0 0 0 0 0 0 0 974
0 0 0 0 0 0 0 0 0 0 0 0 0 0 0 0 0 0 0 0 0 0 0 0 0 0 0 439 0 852 165 65 0 0 0 0 176 333 0 480 0 0 0 0 270 0 542 0 0 0 0 878 0 569 429 0 750 0 865 0 0 374 0 0 0 0 0 0 448 0 0 0 0 0 0 0 799 0 0 136 0 546 0 958 0 0 0 0 0 0 343 0 0 0 0 0 378 0 0 885
423 0 0 0 0 59 587 0 793 0 0 0 0 0 12 116 0 0 0 0 0 0 0 464 0 0 509 0 570 0 0 0 616 443 486 0 259 0 0 0 616 0 0 964 0 0 0 940 0 0 0 0 569 0 732 0 0 0 0 896 0 0 0 0 0 0 0 478 0 193 0 0 0 0 0 0 53 741 0 0 0 813 0 395 582 0 70 0 0 0 0 0 0 0 976 0 0 0 0 764
0 872 0 0 0 0 0 0 0 0 207 0 0 0 0 0 25 0 948 0 0 0 0 0 0 654 0 0 0 0 0 345 0 0 643 0 0 0 0 0 0 428 126 84 769 579 0 782 0 583 0 0 429 732 0 709 0 0 379 0 0 524 917 0 0 0 0 517 0 0 0 782 0 0 654 154 396 0 0 0 0 0 0 0 0 0 562 0 0 0 0 0 0 0 0 811 0 0 835 0
567 491 0 0 567 0 0 0 0 0 0 0 0 0 0 0 0 0 768 0 0 0 0 0 0 0 753 0 0 0 646 0 309 0 0 0 0 0 0 0 0 0 0 0 0 0 0 837 0 0 980 0 0 0 709 0 343 0 0 764 157 0 0 0 877 0 0 788 0 0 0 0 696 0 848 0 0 0 0 0 0 0 0 0 0 0 0 0 978 0 0 0 0 0 0 0 40 467 236 596
0 0 339 0 493 429 0 0 0 0 0 935 0 477 0 834 0 828 0 0 0 0 487 0 667 0 0 0 555 0 0 0 314 691 0 874 0 984 0 453 829 0 0 0 66 0 153 0 0 50 0 0 750 0 0 343 0 645 470 805 0 0 0 0 0 502 0 700 269 0 935 0 0 0 47 0 74 0 287 622 0 175 311 0 0 0 0 0 230 513 315 584 0 255 0 817 0 0 729 277
0 0 0 0 0 0 0 0 211 986 565 422 5 680 0 0 0 833 0 737 913 0 462 0 0 839 698 0 0 0 0 0 0 0 0 0 600 561 113 0 0 357 343 890 0 861 0 0 0 0 281 0 0 0 0 0 645 0 626 667 0 0 0 344 0 0 0 704 0 0 0 0 37 0 639 86 0 774 675 579 0 0 0 0 523 0 231 0 46 663 0 0 0 179 0 273 360 0 142 0
0 0 0 0 0 0 0 0 0 0 819 0 0 0 0 755 0 692 0 0 0 0 635 0 556 547 461 16 0 0 105 0 717 0 884 390 0 990 0 0 0 115 0 0 144 0 0 0 982 364 0 914 865 0 379 0 470 626 0 15 0 0 0 875 0 0 0 324 0 567 0 0 0 0 0 381 262 293 265 965 0 0 388 0 0 0 0 343 0 887 0 0 0 0 0 0 785 998 712 0
0 222 0 0 0 994 888 708 0 47 0 295 0 967 0 0 0 0 0 0 0 947 936 0 0 0 0 335 504 865 0 0 667 774 0 0 0 0 0 0 0 0 0 510 0 0 116 705 0 0 0 0 0 896 0 764 805 667 15 0 305 427 0 0 0 0 0 0 60 0 0 0 0 0 33 0 477 0 0 0 248 0 0 0 0 960 0 204 0 0 0 0 0 285 811 0 434 0 0 0
0 0 0 909 23 0 535 0 0 515 0 0 604 0 148 0 0 0 771 0 0 0 0 0 0 954 0 0 0 0 0 0 0 0 493 172 913 0 0 0 0 381 19 0 968 0 390 0 470 0 854 0 0 0 0 157 0 0 0 305 0 122 480 0 378 0 0 0 0 85 251 693 157 0 666 0 0 0 828 154 0 369 544 0 0 975 939 0 639 613 0 580 478 0 0 559 0 0 0 961
561 0 0 0 0 0 0 0 218 0 0 0 0 0 178 0 0 0 0 663 0 0 129 375 0 0 0 0 0 0 799 0 680 0 0 0 806 0 0 0 251 0 0 0 0 699 443 0 0 18 0 0 374 0 524 0 0 0 0 427 122 0 521 0 0 938 0 0 0 589 0 0 0 0 7 0 281 0 177 0 752 0 0 0 0 0 0 0 0 0 0 0 0 0 0 0 162 0 0 445
0 0 600 367 587 0 185 300 0 0 0 0 561 968 0 0 990 0 0 0 0 0 0 0 0 0 0 0 0 861 372 0 0 0 0 0 0 0 0 0 0 0 0 0 10 0 0 501 0 0 0 483 0 0 917 0 0 0 0 0 480 521 0 681 0 0 0 0 0 438 0 0 0 405 0 0 0 374 0 532 0 947 0 0 0 0 375 0 644 0 0 0 336 0 588 0 0 0 0 0
273 919 0 33 0 961 0 0 0 0 0 0 0 653 0 0 0 0 282 164 0 713 822 0 260 0 0 841 0 0 0 130 0 0 0 0 0 0 0 0 334 250 945 0 0 0 0 0 146 425 0 0 0 0 0 0 0 344 875 0 0 0 681 0 808 181 76 0 791 180 0 0 852 0 604 0 0 562 0 0 0 0 0 0 0 0 0 0 341 409 991 0 0 0 0 414 0 0 445 0
0 0 724 0 0 0 954 0 432 0 993 0 0 0 0 0 0 17 0 0 20 0 0 592 0 0 0 0 0 782 0 0 0 745 33 0 0 191 0 0 0 62 105 0 0 0 0 0 0 0 436 0 0 0 0 877 0 0 0 0 378 0 0 808 0 42 0 183 490 0 511 5 707 436 734 534 0 882 0 0 0 0 0 0 0 0 0 0 0 953 289 0 0 0 0 0 470 0 903 0
418 158 99 29 0 717 0 0 0 0 0 539 462 0 0 0 0 485 958 0 0 0 0 0 0 0 0 0 987 0 0 0 912 0 0 937 638 0 305 0 0 51 0 818 0 0 0 553 539 0 0 610 0 0 0 0 502 0 0 0 0 938 0 181 42 0 361 0 526 950 0 0 0 0 297 0 0 816 0 0 360 0 0 0 0 0 487 0 0 286 636 95 0 1 0 0 834 763 526 0
0 0 0 0 0 0 0 0 272 0 0 0 0 707 305 857 0 0 0 804 0 0 0 0 0 0 0 0 463 0 0 0 0 0 0 0 0 0 0 0 744 812 0 71 0 271 740 0 111 396 0 0 0 0 0 0 0 0 0 0 0 0 0 76 0 361 0 479 0 0 0 0 0 0 0 0 0 0 497 0 592 370 0 0 983 0 407 0 0 973 0 0 0 0 136 436 0 0 0 0
264 65 512 0 0 0 0 0 0 0 0 0 0 320 0 0 513 0 963 0 218 0 0 641 436 0 0 0 0 0 0 0 0 0 0 0 0 0 120 0 0 788 0 974 0 513 0 0 0 0 0 0 0 478 517 788 700 704 324 0 0 0 0 0 183 0 479 0 799 0 0 0 0 0 0 892 0 0 388 883 0 286 0 0 491 0 0 0 0 0 0 0 447 863 0 348 0 872 0 0
436 724 17 0 0 0 25 0 228 0 0 0 0 0 637 0 0 0 0 0 0 483 0 0 0 0 0 821 960 0 0 0 634 0 0 0 0 0 0 104 0 0 408 423 0 369 0 0 753 0 0 0 448 0 0 0 269 0 0 60 0 0 0 791 490 526 0 799 0 631 615 0 0 563 0 0 348 0 0 0 0 0 0 287 852 0 0 0 0 207 0 520 0 0 412 0 0 0 0 0
0 0 0 0 0 114 0 0 820 495 316 0 0 0 0 207 0 0 0 0 657 0 0 0 653 801 0 0 0 0 0 0 810 0 0 324 21 770 0 0 53 0 0 0 469 0 0 0 0 0 0 629 0 193 0 0 0 0 567 0 85 589 438 180 0 950 0 0 631 0 162 0 0 0 0 0 0 0 977 0 0 0 0 983 0 773 728 422 0 690 0 0 0 0 0 0 901 0 0 0
442 0 0 0 0 190 0 0 0 543 0 0 791 0 0 617 471 441 0 0 0 0 0 0 0 0 0 702 0 0 0 0 0 0 159 0 0 0 0 0 0 0 436 0 0 0 900 628 90 0 0 0 0 0 0 0 935 0 0 0 251 0 0 0 511 0 0 0 615 162 0 492 0 0 173 829 0 0 542 0 0 0 0 0 0 0 0 0 0 899 334 0 0 0 0 972 0 479 0 0
0 0 0 0 287 0 380 0 666 237 334 0 792 181 0 0 0 0 745 0 0 0 0 64 0 0 764 0 0 208 0 185 0 0 0 946 936 0 0 0 0 0 755 0 0 493 0 0 0 0 0 0 0 0 782 0 0 0 0 0 693 0 0 0 5 0 0 0 0 0 492 0 100 0 783 627 0 0 0 615 822 0 135 0 0 533 0 836 0 0 0 0 0 0 0 0 0 0 0 0
0 0 0 20 0 0 0 0 0 55 11 0 0 0 0 0 0 0 0 700 0 260 883 0 798 0 0 0 502 0 0 358 0 0 0 0 701 0 0 125 995 248 0 0 159 0 0 0 0 0 0 0 0 0 0 696 0 37 0 0 157 0 0 852 707 0 0 0 0 0 0 100 0 709 0 0 653 0 0 460 0 0 0 0 155 0 0 469 603 0 0 0 962 623 0 78 0 321 0 0
0 0 0 616 0 0 813 0 453 0 0 0 990 0 0 0 0 872 0 0 0 0 0 0 0 0 0 0 998 0 0 0 0 0 0 0 0 0 964 778 0 0 606 627 18 0 0 0 0 0 0 0 0 0 0 0 0 0 0 0 0 0 405 0 436 0 0 0 563 0 0 0 709 0 419 0 705 0 0 652 0 0 0 809 161 0 0 348 0 0 0 0 965 0 0 823 0 390 176 0
285 0 304 0 0 0 0 0 0 0 269 0 0 607 293 0 0 0 0 0 0 0 0 0 0 0 0 0 0 0 0 454 922 392 0 338 0 0 0 885 0 0 0 0 284 0 726 91 0 0 0 0 0 0 654 848 47 639 0 33 666 7 0 604 734 297 0 0 0 0 173 783 0 419 0 462 0 347 0 0 0 0 0 442 54 0 646 0 0 0 0 0 215 0 0 773 0 60 232 0
0 0 735 638 0 0 222 0 716 0 0 0 0 236 0 0 41 0 52 0 833 941 136 0 294 797 0 220 0 0 0 935 0 0 0 620 0 640 0 0 0 0 278 25 0 0 0 0 0 820 365 0 0 0 154 0 0 86 381 0 0 0 0 0 534 0 0 892 0 0 829 627 0 0 462 0 457 590 0 0 911 208 434 0 0 0 260 0 624 0 0 0 0 868 0 0 0 811 0 0
725 0 0 0 0 0 773 325 792 0 0 0 0 410 248 748 544 0 594 16 813 0 285 0 0 0 0 0 0 0 888 0 0 0 0 0 0 0 983 0 58 0 0 0 0 0 0 0 0 0 0 0 799 53 396 0 74 0 262 477 0 281 0 0 0 0 0 0 348 0 0 0 653 705 0 457 0 305 0 0 0 0 0 697 0 0 0 0 0 0 0 0 0 0 0 0 0 0 0 0
999 0 0 0 491 0 0 0 0 0 690 0 0 0 0 0 0 0 0 0 3 850 0 0 0 0 0 445 0 0 0 0 0 822 0 0 332 0 0 0 664 205 0 0 474 0 0 0 0 424 0 0 0 741 0 0 0 774 293 0 0 0 374 562 882 816 0 0 0 0 0 0 0 0 347 590 305 0 244 0 215 0 0 0 334 0 0 0 919 0 790 0 421 827 188 0 0 0 0 0
0 0 169 0 0 0 0 941 259 0 825 0 746 0 0 0 0 0 393 0 0 0 0 183 0 0 243 207 0 0 402 0 0 0 0 0 0 0 0 0 957 0 0 263 568 0 451 420 0 0 0 927 0 0 0 0 287 675 265 0 828 177 0 0 0 0 497 388 0 977 542 0 0 0 0 0 0 244 0 903 0 0 54 108 0 791 0 0 0 0 389 196 64 0 0 0 0 0 390 0
0 0 0 0 947 0 0 0 0 0 555 48 0 0 27 665 0 0 433 0 0 0 0 895 0 0 0 0 0 0 0 0 349 483 404 839 973 0 0 976 0 911 0 300 0 0 870 0 0 0 0 0 136 0 0 0 622 579 965 0 154 0 532 0 0 0 0 883 0 0 0 615 460 652 0 0 0 0 903 0 173 619 0 0 865 0 490 0 0 475 240 0 0 248 0 240 0 0 0 0
0 298 809 882 585 0 0 0 768 0 0 0 0 0 0 0 0 0 0 0 0 0 0 822 936 0 0 0 0 0 0 178 33 0 0 0 0 618 475 0 0 0 0 0 0 489 572 0 0 557 0 0 0 0 0 0 0 0 0 248 0 752 0 0 0 360 592 0 0 0 0 822 0 0 0 911 0 215 0 173 0 220 0 0 0 786 816 0 0 0 185 0 0 0 777 265 452 0 0 0
0 0 571 984 0 0 0 681 578 0 0 0 0 0 0 0 0 791 0 0 0 0 0 0 0 0 0 0 0 367 0 0 0 0 0 0 867 0 0 0 0 0 710 531 0 187 0 193 0 53 0 425 546 813 0 0 175 0 0 0 369 0 947 0 0 0 370 286 0 0 0 0 0 0 0 208 0 0 0 619 220 0 640 0 0 0 0 0 0 0 0 0 0 0 18 665 0 0 402 0
167 0 616 0 0 0 0 764 0 0 169 0 0 843 0 0 156 0 0 0 0 560 0 681 0 315 43 0 82 0 4 0 0 0 0 361 0 751 412 0 0 0 0 0 0 0 0 370 290 0 0 0 0 0 0 0 311 0 388 0 544 0 0 0 0 0 0 0 0 0 0 135 0 0 0 434 0 0 54 0 0 640 0 403 0 0 0 0 470 0 0 0 0 639 0 227 0 0 262 0
794 842 0 971 626 0 796 512 221 0 234 0 266 317 0 0 0 0 846 0 724 0 0 0 729 0 0 0 947 980 0 63 0 0 0 120 0 0 0 0 0 0 0 201 450 0 581 506 0 354 938 0 958 395 0 0 0 0 0 0 0 0 0 0 0 0 0 0 287 983 0 0 0 809 442 0 697 0 108 0 0 0 403 0 788 0 0 0 0 0 0 0 0 0 0 429 0 0 0 0
0 321 0 0 0 0 0 0 755 0 0 0 0 0 0 0 0 0 440 0 0 706 0 0 0 0 0 508 0 0 0 556 0 0 0 0 0 0 0 0 0 0 0 86 373 0 0 775 0 0 331 0 0 582 0 0 0 523 0 0 0 0 0 0 0 0 983 491 852 0 0 0 155 161 54 0 0 334 0 865 0 0 0 788 0 723 311 293 460 0 0 132 0 548 525 0 0 0 0 0
0 286 145 731 0 0 0 317 0 0 0 325 276 315 642 774 540 725 0 0 0 0 0 508 0 921 0 539 0 150 0 981 0 0 712 0 594 0 0 781 0 0 0 0 723 0 382 396 115 0 0 0 0 0 0 0 0 0 0 960 975 0 0 0 0 0 0 0 0 773 0 533 0 0 0 0 0 0 791 0 786 0 0 0 723 0 111 0 0 297 0 0 718 0 0 0 288 0 0 0
0 0 0 0 263 0 0 0 0 0 0 0 0 0 0 0 28 0 0 0 0 778 0 0 245 0 714 0 9 583 0 0 0 0 0 909 0 0 0 0 457 0 0 0 917 0 0 0 0 0 0 0 0 70 562 0 0 231 0 0 939 0 375 0 0 487 407 0 0 728 0 0 0 0 646 260 0 0 0 490 816 0 0 0 311 111 0 482 495 306 0 360 0 484 0 0 0 186 0 0
0 0 0 773 0 657 0 383 0 615 0 0 0 0 0 396 0 0 0 749 0 0 0 0 0 434 0 628 0 0 0 0 0 0 0 412 0 0 0 16 0 0 0 694 557 0 893 0 0 0 0 0 0 0 0 0 0 0 343 204 0 0 0 0 0 0 0 0 0 422 0 836 469 348 0 0 0 0 0 0 0 0 0 0 293 0 482 0 368 0 0 0 0 226 0 0 0 948 0 172
0 0 0 775 0 0 686 0 0 0 0 0 0 0 0 0 815 76 284 0 0 0 0 0 0 0 0 0 0 0 0 56 0 0 0 0 0 0 0 0 947 0 0 520 0 566 0 0 0 0 0 0 0 0 0 978 230 46 0 0 639 0 644 341 0 0 0 0 0 0 0 0 603 0 0 624 0 919 0 0 0 0 470 0 460 0 495 368 0 89 0 113 415 902 756 0 0 0 516 0
0 0 0 0 436 0 0 0 0 0 0 0 0 0 0 0 0 311 0 0 395 418 0 589 0 0 0 0 0 0 26 0 0 0 0 0 0 0 0 0 48 15 0 0 0 0 673 0 0 0 27 0 0 0 0 0 513 663 887 0 613 0 0 409 953 286 973 0 207 690 899 0 0 0 0 0 0 0 0 475 0 0 0 0 0 297 306 0 89 0 496 0 0 716 582 0 0 0 0 200
383 627 0 0 0 0 0 0 0 658 0 0 0 0 501 0 847 390 0 942 0 0 0 982 626 0 0 984 0 0 0 920 889 0 291 0 500 899 0 0 0 0 877 0 0 594 0 0 0 0 0 0 343 0 0 0 315 0 0 0 0 0 0 991 289 636 0 0 0 0 334 0 0 0 0 0 0 790 389 240 185 0 0 0 0 0 0 0 0 496 0 24 0 0 309 0 0 0 842 0
979 0 0 0 0 899 80 0 0 0 260 0 0 223 0 0 0 0 86 0 0 0 0 0 0 443 841 0 0 451 0 0 952 0 0 96 0 739 712 0 0 0 707 0 622 0 0 363 914 129 996 355 0 0 0 0 584 0 0 0 580 0 0 0 0 95 0 0 520 0 0 0 0 0 0 0 0 0 196 0 0 0 0 0 132 0 360 0 113 0 24 0 210 0 0 0 0 686 0 0
0 0 119 0 0 0 7 0 0 0 0 0 0 506 0 0 970 0 0 0 0 0 0 0 626 0 999 0 31 586 998 0 234 0 0 0 0 0 0 310 0 0 0 0 0 0 0 239 0 0 998 0 0 0 0 0 0 0 0 0 478 0 336 0 0 0 0 447 0 0 0 0 962 965 215 0 0 421 64 0 0 0 0 0 0 718 0 0 415 0 0 210 0 369 0 0 0 0 0 0
160 0 0 0 513 0 615 675 0 75 0 0 0 0 896 0 0 0 0 0 0 507 919 0 0 0 0 0 0 4 0 899 0 0 0 0 0 36 0 0 0 0 0 917 0 0 0 0 0 0 990 0 0 0 0 0 255 179 0 285 0 0 0 0 0 1 0 863 0 0 0 0 623 0 0 868 0 827 0 248 0 0 639 0 548 0 484 226 902 716 0 0 369 0 704 653 0 785 0 0
0 0 0 0 0 0 0 0 0 0 0 769 365 0 0 0 217 0 0 0 316 0 0 0 929 455 0 0 0 432 0 79 0 0 0 747 0 0 0 0 396 667 580 0 0 0 0 0 889 0 0 0 0 976 0 0 0 0 0 811 0 0 588 0 0 0 136 0 412 0 0 0 0 0 0 0 0 188 0 0 777 18 0 0 525 0 0 0 756 582 309 0 0 704 0 370 0 991 0 0
805 0 485 0 0 0 0 467 69 0 0 623 0 0 0 0 0 0 245 0 0 0 59 0 0 0 0 0 0 826 0 609 475 0 910 0 0 0 0 0 0 0 498 0 0 0 0 0 714 0 6 0 0 0 811 0 817 273 0 0 559 0 0 414 0 0 436 348 0 0 972 0 78 823 773 0 0 0 0 240 265 665 227 429 0 0 0 0 0 0 0 0 0 653 370 0 410 0 0 0
156 0 0 0 114 0 0 0 0 0 0 0 0 391 291 0 902 0 0 0 0 0 0 0 0 0 0 53 0 909 0 0 938 0 0 0 0 638 0 788 0 0 730 0 0 780 0 0 0 0 0 0 378 0 0 40 0 360 785 434 0 162 0 0 470 834 0 0 0 901 0 0 0 0 0 0 0 0 0 0 452 0 0 0 0 288 0 0 0 0 0 0 0 0 0 410 0 64 814 792
0 0 0 0 343 980 240 0 0 0 0 0 0 0 0 483 0 0 0 0 0 0 0 0 0 746 204 0 792 0 923 644 0 0 175 300 691 27 935 567 0 901 768 0 152 0 0 912 0 0 0 0 0 0 0 467 0 0 998 0 0 0 0 0 0 763 0 872 0 0 479 0 321 390 60 811 0 0 0 0 0 0 0 0 0 0 186 948 0 0 0 686 0 785 991 0 64 0 848 859
0 0 0 0 437 0 0 0 0 0 0 119 0 0 0 0 0 62 0 441 0 695 635 0 0 319 0 0 41 0 0 870 0 0 0 0 0 335 0 0 0 0 0 0 210 0 0 7 384 0 0 0 0 0 835 236 729 142 712 0 0 0 0 445 903 526 0 0 0 0 0 0 0 176 232 0 0 0 390 0 0 402 262 0 0 0 0 0 516 0 842 0 0 0 0 0 814 848 0 208
0 0 0 0 0 0 0 0 0 0 513 0 0 0 0 0 0 0 0 0 0 0 0 467 0 367 0 0 0 0 0 0 459 0 0 0 0 0 0 0 0 0 0 0 0 0 96 0 0 185 0 974 885 764 0 596 277 0 0 0 961 445 0 0 0 0 0 0 0 0 0 0 0 0 0 0 0 0 0 0 0 0 0 0 0 0 0 172 0 200 0 0 0 0 0 0 792 859 208 0
