250
0 806 0 0 0 0 842 0 0 866 0 0 0 0 777 0 0 0 0 0 787 0 0 0 0 0 0 498 842 0 0 488 0 0 0 0 0 0 0 0 0 0 0 871 0 768 0 0 0 882 0 0 0 0 0 0 0 807 432 0 0 0 58 573 0 0 0 615 166 0 0 0 0 464 0 0 672 0 0 863 521 0 0 467 0 0 0 742 894 570 0 672 0 0 0 0 951 0 528 0 0 0 0 0 813 44 0 357 0 0 0 0 0 928 474 0 0 501 0 0 0 0 0 0 0 0 0 845 0 0 0 0 0 0 0 617 0 0 0 49 0 0 0 0 0 0 396 0 0 248 0 871 54 0 0 0 0 0 405 0 923 31 0 0 0 0 0 0 719 0 0 0 0 0 0 0 449 0 0 0 109 544 0 0 425 0 797 0 0 0 0 0 0 0 0 772 368 0 0 0 0 0 0 0 0 608 0 470 0 915 0 560 286 992 642 0 0 0 0 0 0 692 601 0 0 0 0 0 404 0 0 0 0 0 867 0 0 0 0 908 0 190 0 274 0 0 683 715 0 94
806 0 984 495 0 0 0 0 99 967 0 0 0 793 0 968 933 0 0 0 0 270 445 0 0 332 0 0 0 0 0 0 0 0 106 0 0 0 0 0 0 0 0 449 0 261 741 0 280 0 0 0 0 0 0 0 544 0 0 781 0 0 0 395 828 320 144 205 575 0 50 0 0 0 0 0 316 0 637 0 0 0 0 0 0 80 0 0 0 69 0 0 0 0 0 0 222 21 599 833 496 0 0 0 0 50 0 0 0 212 0 436 0 0 0 507 0 30 579 0 0 0 0 263 0 0 122 0 0 362 234 0 945 0 0 0 0 907 0 704 0 0 396 0 0 0 0 0 786 629 0 0 0 0 0 0 0 0 0 0 0 204 0 0 0 0 0 960 0 0 0 604 0 0 0 496 0 0 0 0 0 426 375 0 252 0 0 0 0 751 0 844 0 284 0 594 0 168 129 364 0 0 0 569 0 0 0 0 0 0 0 0 0 0 477 404 92 510 0 0 0 250 0 0 0 628 512 0 78 0 749 0 0 0 462 402 79 0 0 215 0 0 0 0 607 529 0 0 0 710
0 984 0 68 0 247 570 468 0 0 113 0 461 0 0 0 319 519 517 0 0 0 0 0 541 0 0 0 0 0 775 0 0 0 468 0 750 564 0 0 0 158 0 613 0 0 0 0 0 0 0 0 0 214 0 0 0 0 0 959 0 0 0 0 0 405 0 0 0 0 555 0 0 613 163 640 0 0 0 0 0 564 0 200 913 0 0 0 0 0 251 0 0 0 0 0 953 514 292 0 0 0 680 0 0 63 0 0 0 0 264 7 0 0 294 535 0 286 0 0 0 983 901 0 0 0 106 734 0 0 0 423 0 0 0 0 849 0 0 0 0 0 0 639 0 0 0 0 571 0 0 0 0 0 0 0 0 0 0 0 965 72 0 0 0 0 0 98 0 0 0 0 0 0 0 0 0 0 0 926 490 0 480 13 574 0 0 429 416 424 0 0 0 0 0 0 0 0 0 0 0 0 105 0 0 0 0 0 0 0 317 545 0 0 0 0 0 0 371 784 238 0 0 0 546 0 0 0 0 242 0 0 0 0 0 0 0 628 0 280 74 0 0 767 0 603 0 0 0 758
0 495 68 0 713 0 0 0 109 0 2 0 0 296 0 0 13 0 0 0 0 903 0 993 0 340 0 0 0 0 0 597 0 793 0 495 0 0 646 0 0 0 0 509 0 0 0 0 973 0 0 0 0 624 104 0 0 0 0 443 0 0 0 0 0 0 0 0 0 0 0 0 609 0 0 0 0 0 772 0 0 0 0 0 0 457 472 0 34 0 0 0 294 0 0 765 0 0 0 0 818 0 219 0 0 745 0 0 0 0 0 276 976 0 0 0 0 0 765 0 0 0 783 0 0 0 0 0 0 0 0 0 0 517 142 0 0 0 0 691 0 875 570 0 566 0 0 757 0 0 0 296 0 0 0 0 0 0 0 0 312 0 0 0 0 504 181 0 257 0 295 0 895 0 286 407 19 0 0 0 0 0 34 0 706 0 491 0 784 835 0 0 0 0 197 134 0 638 0 0 274 797 0 0 449 708 0 0 0 386 0 76 420 0 0 0 0 246 0 0 0 0 373 0 0 0 0 0 0 0 708 60 589 566 0 301 237 0 0 0 0 0 362 0 528 0 0 552 0 0
0 0 0 713 0 284 0 0 0 0 0 0 185 0 0 926 509 0 30 0 0 0 0 958 49 0 0 0 0 0 0 582 0 0 0 0 731 360 0 0 0 0 0 896 0 0 678 0 0 0 0 0 126 0 0 117 0 0 311 0 0 0 0 0 0 0 0 0 0 238 0 0 0 959 0 0 160 0 0 850 501 621 979 0 0 0 0 0 0 0 0 276 0 655 0 26 0 280 765 0 0 51 0 0 396 625 0 553 0 0 0 0 179 0 0 405 0 0 0 0 0 0 0 0 0 0 0 406 473 349 319 0 0 0 0 151 0 0 0 0 0 0 128 0 0 542 0 0 694 0 0 218 0 206 513 0 0 0 312 0 0 0 0 0 0 0 0 0 734 0 0 966 0 0 0 0 855 0 0 0 208 0 0 0 0 0 0 0 0 0 0 171 0 813 300 0 0 0 0 0 0 0 269 0 921 161 0 705 0 10 0 0 304 0 0 0 0 574 208 0 0 0 0 0 0 0 0 0 944 0 0 0 635 0 0 132 0 0 676 296 0 820 0 0 136 0 0 0 0 0
0 0 247 0 284 0 275 0 0 0 591 0 644 0 0 0 513 478 0 0 805 0 687 0 697 0 0 0 0 0 0 488 0 0 0 67 0 0 0 0 0 730 0 0 0 0 0 0 0 0 0 0 0 0 422 0 0 0 290 0 0 0 0 325 0 0 30 505 0 0 313 0 0 309 261 0 0 858 457 0 0 0 0 0 0 0 861 0 321 0 0 281 0 426 689 0 63 0 0 0 140 0 0 0 0 0 0 0 0 0 0 0 0 0 0 0 0 0 0 0 0 0 0 0 0 0 840 0 0 233 0 0 0 0 0 0 0 0 310 0 0 770 0 0 260 270 420 0 0 0 0 0 307 0 66 0 0 0 0 0 0 0 727 842 0 794 0 538 759 267 0 512 537 420 0 0 580 0 0 0 0 0 360 0 0 0 312 0 0 0 0 0 563 0 0 0 0 701 0 0 0 0 0 0 0 0 0 0 0 752 110 0 0 0 0 859 495 0 0 0 389 0 0 0 0 728 19 0 227 0 0 0 398 0 456 0 363 0 0 0 0 0 0 0 740 952 0 893 0 665
842 0 570 0 0 275 0 310 0 0 0 347 0 0 0 0 0 0 0 0 632 0 825 0 0 0 0 0 859 967 0 963 0 0 527 0 0 0 737 342 0 0 0 0 0 0 0 0 0 0 0 0 0 727 0 937 0 993 0 258 904 973 0 10 0 68 0 0 445 0 0 0 0 0 0 0 0 0 0 645 0 420 0 104 263 776 151 0 172 0 741 0 0 0 0 0 0 0 0 98 0 0 734 0 0 0 0 0 886 0 605 688 0 0 0 0 0 860 0 878 0 0 615 494 0 0 0 205 0 0 0 0 67 138 0 0 0 544 617 0 573 300 0 0 0 0 0 0 0 851 0 357 0 0 730 0 389 0 0 123 0 0 92 0 0 0 0 0 0 854 118 0 277 392 0 843 0 0 0 0 0 0 591 0 33 0 821 0 0 938 0 732 0 0 0 0 0 553 0 0 0 177 0 0 0 0 0 162 0 0 0 0 0 913 0 590 0 0 0 0 0 297 0 0 917 0 8 0 0 0 0 0 0 0 369 37 0 0 0 0 789 0 0 526 680 0 0 0 0 0
0 0 468 0 0 0 310 0 698 985 0 0 929 0 0 260 0 0 485 122 0 0 123 432 0 0 0 0 0 0 120 0 0 0 0 0 0 104 0 0 0 0 11 133 0 956 0 799 0 0 164 0 0 0 211 0 0 0 216 484 0 0 0 0 0 0 929 363 0 0 0 0 384 0 917 486 948 0 0 0 0 0 0 819 0 0 0 0 0 0 0 0 0 0 0 225 0 0 214 608 0 0 0 313 0 0 0 870 0 0 0 0 0 524 0 0 0 0 394 0 0 0 779 0 0 829 0 619 478 591 0 0 189 0 0 15 0 0 0 613 0 603 0 0 0 164 0 0 0 0 0 0 0 0 0 0 0 507 0 0 0 351 479 335 0 0 0 0 0 0 0 0 0 0 0 0 0 693 0 0 0 407 0 0 0 0 0 821 0 0 0 0 929 772 0 179 0 0 423 564 0 0 503 0 0 0 702 0 651 0 0 744 0 0 0 0 0 382 429 790 655 0 0 0 0 0 0 589 25 0 0 0 0 0 936 0 0 697 0 0 0 138 0 0 0 49 0 0 0 49
0 99 0 109 0 0 0 698 0 917 0 0 829 0 0 0 670 0 0 352 0 0 634 0 0 845 0 0 0 193 539 0 0 537 0 0 0 0 0 0 0 0 0 0 0 0 0 0 991 803 46 95 522 0 0 273 0 0 735 0 0 749 11 0 0 553 329 0 258 0 0 0 0 0 0 0 0 0 0 0 0 0 0 0 0 0 0 0 0 708 0 0 0 0 0 0 0 0 801 0 0 0 220 0 0 0 455 0 0 0 0 0 0 811 0 0 0 0 0 0 0 204 0 0 0 363 0 0 0 0 0 0 0 0 0 0 414 0 0 0 696 0 0 0 0 0 0 962 0 0 528 0 395 0 0 32 0 0 0 0 0 316 0 0 0 0 0 0 0 0 0 252 0 0 0 0 0 0 0 810 0 0 0 0 0 944 0 0 0 617 0 0 0 0 276 121 0 0 0 816 0 0 0 980 846 796 0 127 0 0 0 0 0 1 610 0 0 922 0 403 0 811 0 0 0 802 262 215 111 0 817 257 55 0 0 0 923 0 0 0 0 751 714 0 0 0 0 0 0 964
866 967 0 0 0 0 0 985 917 0 553 0 45 0 431 983 0 0 0 479 0 0 669 0 223 0 781 0 764 0 0 544 0 129 17 656 0 0 0 0 0 0 825 0 0 0 0 370 0 0 0 394 0 919 0 0 0 1000 661 663 325 0 0 0 230 0 0 0 446 0 0 0 0 0 152 0 0 0 0 0 0 0 0 0 343 0 0 449 0 0 0 0 0 0 266 0 0 0 731 0 773 0 0 391 0 1000 701 0 0 0 0 0 0 0 672 0 0 0 0 0 0 653 0 164 993 0 353 362 0 870 0 0 0 863 0 218 418 0 783 0 951 0 0 0 0 0 75 0 0 0 0 0 0 0 0 99 829 123 167 0 0 0 0 0 0 0 0 205 0 0 0 360 325 866 210 655 0 387 0 0 0 0 0 0 273 0 0 0 500 259 445 0 974 0 932 0 0 0 0 0 0 0 0 0 730 0 0 0 254 0 0 0 249 0 0 0 0 0 0 0 0 0 0 0 0 0 0 0 0 861 793 0 132 221 0 0 0 0 0 979 106 0 0 0 0 791 135 0 0 582
0 0 113 2 0 591 0 0 0 553 0 80 0 0 0 0 0 0 0 0 0 488 0 0 373 0 0 316 0 0 950 0 0 0 286 0 0 0 57 0 126 0 0 0 0 0 0 0 0 0 0 0 0 532 0 226 231 601 915 982 0 0 901 0 0 0 0 0 0 0 666 0 1 0 0 0 429 0 136 0 0 0 232 0 0 0 399 439 0 696 0 38 980 689 0 0 0 0 0 0 269 0 0 359 0 607 0 0 776 0 0 0 0 963 0 0 0 0 773 0 995 0 405 752 0 0 382 0 181 268 553 744 643 0 220 0 0 0 415 0 0 0 0 0 0 0 0 0 0 0 840 0 0 297 0 0 864 189 0 916 0 0 437 955 0 0 0 172 109 0 0 849 952 0 0 0 227 0 158 0 0 0 0 0 0 0 0 0 0 592 969 0 0 988 0 849 0 751 0 0 0 0 0 0 0 0 0 0 0 0 0 0 0 938 0 61 0 104 353 0 425 0 0 0 0 32 778 0 0 419 581 0 0 0 0 0 0 0 0 0 733 0 0 0 602 0 0 0 614 771
0 0 0 0 0 0 347 0 0 0 80 0 728 205 372 0 0 539 0 0 0 791 0 0 790 0 0 0 0 752 0 330 0 328 0 294 928 0 0 0 0 668 0 755 0 0 53 0 0 0 0 0 453 53 0 0 819 0 0 113 0 0 950 969 172 0 469 0 0 0 242 0 73 0 175 0 0 0 0 0 0 986 429 0 0 405 0 0 0 0 0 0 0 0 0 0 0 571 0 179 0 0 209 0 0 860 0 0 0 0 0 209 176 0 0 0 0 55 0 148 0 0 0 0 0 467 0 569 0 0 0 992 0 0 0 562 5 0 0 516 280 0 0 347 0 0 0 0 952 0 821 0 292 0 0 0 0 0 0 0 0 565 0 0 0 337 423 0 0 0 0 0 822 890 143 0 509 0 0 0 986 594 0 522 0 597 0 34 0 0 0 0 0 0 0 0 0 0 0 0 0 153 0 0 0 0 152 0 0 0 151 972 934 41 0 111 0 0 0 451 0 0 0 0 0 132 0 0 0 0 0 18 0 0 0 126 0 0 0 0 915 0 0 0 834 0 0 398 0 0
0 0 461 0 185 644 0 929 829 45 0 728 0 989 48 0 896 0 0 0 0 0 0 0 571 0 345 0 701 224 0 468 0 845 0 0 0 0 0 4 16 0 0 0 99 0 0 0 0 741 525 894 0 0 192 88 819 0 0 0 0 0 593 0 0 296 390 0 0 0 0 0 0 0 0 172 803 700 0 0 920 0 0 0 0 0 0 0 0 0 0 525 0 625 663 0 0 0 0 0 0 181 0 515 0 0 0 0 987 0 0 0 697 0 835 0 0 0 0 218 0 0 0 0 0 0 0 0 0 395 0 817 0 437 0 830 0 0 0 442 0 0 0 0 979 0 0 0 0 0 0 636 0 554 0 0 659 0 0 154 0 0 404 0 0 738 0 0 0 448 137 0 154 31 0 151 849 671 0 0 760 729 392 0 0 0 278 946 865 0 0 0 0 0 916 647 625 435 885 371 0 0 0 0 0 0 0 0 0 0 0 0 432 580 552 0 147 0 0 0 0 0 0 0 285 89 0 702 0 868 0 0 94 0 0 164 0 903 0 0 352 744 0 0 232 0 0 0 0 0
0 793 0 296 0 0 0 0 0 0 0 205 989 0 285 671 0 0 407 516 0 0 0 0 0 935 0 0 0 0 0 0 760 0 741 201 0 382 0 0 0 0 0 0 0 0 0 0 0 0 0 0 0 0 0 0 253 799 0 0 725 0 0 0 299 0 0 221 0 724 536 362 328 852 11 0 932 0 0 0 0 805 0 0 518 0 0 596 0 0 0 283 0 0 0 0 0 0 0 0 500 0 0 0 0 0 726 0 0 174 521 35 0 0 740 0 0 0 89 0 0 839 0 497 0 0 875 0 230 0 0 93 0 0 0 0 0 0 0 0 0 68 0 0 0 645 115 0 0 0 0 977 0 0 0 0 0 0 0 745 0 0 409 0 0 391 907 0 530 0 0 372 0 0 108 0 0 0 0 0 0 0 0 371 883 248 0 996 0 404 0 0 0 0 0 0 484 0 0 0 0 236 900 0 0 585 259 0 403 0 0 0 456 0 660 0 0 0 0 152 0 0 0 0 310 0 0 118 846 0 0 0 54 0 0 0 0 0 0 0 0 544 0 800 0 0 0 382 898 0
777 0 0 0 0 0 0 0 0 431 0 372 48 285 0 219 0 0 635 0 0 0 0 0 928 0 0 0 0 0 0 0 148 0 403 718 365 899 0 0 840 0 857 0 0 837 462 234 0 0 0 0 0 0 0 0 0 0 956 431 0 844 453 410 0 949 0 0 0 0 308 0 0 0 0 0 0 349 0 0 896 0 563 0 0 0 882 0 0 0 0 661 505 0 367 0 0 0 0 0 0 0 251 0 185 88 694 0 0 0 0 0 0 0 0 89 0 0 0 0 0 0 896 0 0 0 0 336 0 0 91 0 528 0 424 449 0 68 0 713 0 0 0 0 769 191 0 0 679 0 0 556 0 0 0 734 0 0 0 841 0 0 0 0 0 0 0 0 0 0 0 0 0 0 376 0 0 0 0 0 0 0 0 0 0 0 0 0 0 0 0 0 0 0 756 557 0 665 56 1 699 0 0 368 0 0 0 0 0 473 0 0 0 0 0 0 0 997 0 0 857 0 331 0 0 0 0 0 411 274 238 0 0 872 0 0 709 983 976 0 839 0 0 470 0 596 0 0 0 0
0 968 0 0 926 0 0 260 0 983 0 0 0 671 219 0 208 0 0 0 469 131 0 0 0 0 0 773 0 0 0 0 0 0 0 0 99 497 0 0 162 0 754 0 0 131 482 846 0 329 906 0 0 0 0 824 0 439 0 0 415 590 0 0 0 0 482 0 650 749 0 65 0 696 0 499 0 0 0 0 0 0 262 707 0 0 0 989 0 0 0 0 0 0 0 459 0 0 0 988 440 0 0 0 0 0 0 0 0 223 0 0 775 560 0 583 0 0 0 0 0 0 0 568 0 0 0 0 250 487 445 0 0 0 153 596 0 0 247 0 0 0 353 0 0 0 18 216 217 0 0 680 761 0 183 0 0 0 0 0 0 0 0 0 0 775 0 0 0 0 875 0 0 0 0 0 262 0 920 0 916 0 116 0 67 0 0 0 530 0 0 0 644 0 0 0 0 0 0 0 985 0 0 0 0 0 0 0 326 0 0 0 0 0 0 0 0 886 204 227 0 0 322 0 0 0 761 0 0 0 796 148 0 0 0 0 0 0 0 0 221 0 268 869 0 0 0 0 0 0
0 933 319 13 509 513 0 0 670 0 0 0 896 0 0 208 0 931 0 0 0 251 867 0 0 0 507 275 556 0 0 0 0 997 0 0 0 0 0 0 0 0 780 0 0 0 0 0 0 0 412 534 0 660 378 84 0 0 0 0 0 74 0 218 717 589 0 0 0 0 0 0 0 0 0 261 0 0 873 719 0 0 0 0 0 0 0 990 0 0 0 0 120 0 0 0 0 0 747 544 692 628 0 634 0 0 0 0 0 738 0 0 0 0 0 277 0 0 0 464 781 949 0 0 698 0 0 0 0 885 486 0 0 982 0 878 0 0 208 882 0 217 425 0 0 0 138 0 0 0 0 645 719 0 0 0 0 0 402 0 0 725 0 775 0 0 0 0 0 0 980 0 0 0 0 0 0 0 0 0 5 0 0 0 0 223 0 0 0 0 0 443 0 0 0 652 0 0 0 0 0 793 937 0 0 836 0 0 0 0 0 983 169 412 0 0 0 187 0 0 0 0 0 0 0 105 39 699 0 296 0 0 0 361 0 604 0 0 0 649 0 0 620 0 0 0 492 0 724 199
0 0 519 0 0 478 0 0 0 0 0 539 0 0 0 0 931 0 647 0 185 0 395 0 705 0 0 0 0 0 0 0 0 0 0 0 110 0 972 612 0 0 0 0 874 0 0 426 0 0 0 0 0 0 0 0 451 250 112 0 135 0 0 870 0 0 0 0 277 0 0 0 0 0 361 466 0 0 0 0 693 170 118 0 452 0 0 857 9 0 0 214 0 73 0 0 0 0 0 0 63 0 0 259 0 0 0 222 0 0 70 0 176 0 0 320 397 977 131 0 745 0 611 865 0 921 0 0 910 0 435 0 0 0 0 0 0 0 0 53 0 0 0 853 0 0 433 0 37 0 0 122 0 0 0 0 0 0 0 0 0 295 868 820 0 0 0 0 0 0 362 574 966 0 942 0 0 28 305 0 0 0 0 0 244 747 0 0 899 419 0 0 0 0 0 0 930 0 9 0 0 0 753 993 846 0 0 0 734 0 0 6 32 15 0 0 0 353 0 0 253 0 0 0 0 0 954 0 0 0 0 0 0 359 0 553 0 693 0 540 153 0 0 0 0 0 0 0 0 0
0 0 517 0 30 0 0 485 0 0 0 0 0 407 635 0 0 647 0 142 0 0 0 0 0 0 0 0 266 701 0 13 79 0 167 0 0 880 0 0 0 0 0 0 108 0 0 859 0 0 282 550 0 0 0 0 911 0 0 235 0 0 0 0 435 0 788 0 700 0 0 172 143 0 0 140 0 0 0 0 0 588 0 56 0 0 89 0 0 0 376 0 0 109 0 225 0 0 545 0 0 626 0 0 0 141 0 0 793 585 0 0 0 0 0 0 0 0 575 0 0 0 537 0 614 0 0 0 0 0 0 0 938 149 0 0 0 0 0 0 0 497 0 810 988 468 0 475 0 0 0 0 0 0 486 0 0 0 142 0 167 0 0 0 792 0 415 367 0 0 690 326 882 110 730 0 173 428 0 0 0 293 0 0 252 0 0 0 0 0 0 397 0 939 0 0 703 0 0 0 826 0 0 0 0 0 0 0 356 0 0 0 0 0 0 0 0 0 581 0 0 0 0 0 0 873 0 0 393 0 567 0 0 525 588 0 0 801 0 0 0 879 0 0 0 0 0 0 0 0
0 0 0 0 0 0 0 122 352 479 0 0 0 516 0 0 0 0 142 0 813 0 176 705 0 0 264 0 0 0 0 0 905 142 74 224 0 0 0 0 0 0 270 0 550 0 166 973 0 313 0 0 0 0 531 0 0 0 0 0 0 0 0 539 9 0 387 0 0 827 0 0 0 339 561 0 0 0 0 775 570 218 0 0 0 0 0 0 0 811 0 0 0 358 409 0 0 0 145 0 0 0 0 152 0 0 0 0 0 433 0 0 0 0 0 0 767 0 0 0 0 452 0 0 64 552 0 0 0 609 0 0 0 0 634 0 0 0 316 0 0 0 0 0 0 28 0 0 0 615 0 587 847 0 0 0 218 154 381 0 0 0 0 0 588 0 0 0 0 0 0 0 0 352 932 497 0 526 0 579 338 0 0 0 961 0 237 349 0 0 0 0 733 0 0 894 0 0 0 0 883 0 930 0 0 0 0 398 0 0 0 0 853 0 0 0 0 0 0 0 0 0 0 0 0 0 9 0 0 0 0 0 0 612 0 0 0 404 0 0 324 0 815 0 356 0 0 0 415 0
787 0 0 0 0 805 632 0 0 0 0 0 0 0 0 469 0 185 0 813 0 477 429 0 0 0 0 0 212 0 0 0 601 0 0 0 0 485 0 0 0 0 0 0 0 0 0 0 0 0 553 0 0 0 0 0 947 892 192 995 0 853 0 0 963 0 0 186 0 0 0 779 0 0 512 0 0 0 0 0 0 0 0 0 0 0 0 0 0 543 744 0 0 763 915 0 0 998 0 446 316 13 0 650 0 0 0 924 0 0 0 0 0 0 855 0 0 699 0 0 325 0 0 0 0 0 0 0 0 464 0 0 0 0 191 0 0 256 367 0 0 0 0 0 0 0 546 76 234 0 0 0 0 537 0 0 0 0 0 967 0 0 575 0 0 912 0 866 0 0 0 0 0 0 172 626 0 585 916 0 0 0 0 0 890 0 0 0 32 226 0 0 386 0 0 0 0 0 0 0 0 0 0 0 523 0 863 0 0 0 0 0 0 0 0 989 503 0 0 775 0 0 465 0 356 0 724 0 0 0 115 0 0 620 515 0 151 0 188 0 0 0 588 0 0 0 194 0 605 0
0 270 0 903 0 0 0 0 0 0 488 791 0 0 0 131 251 0 0 0 477 0 9 0 311 0 0 0 0 0 670 39 0 0 411 0 618 387 0 984 0 0 0 371 435 0 0 767 0 0 0 0 0 0 0 0 0 510 0 0 895 0 799 756 0 682 0 243 0 0 0 0 0 0 0 0 0 0 0 0 0 0 349 0 500 161 770 0 0 0 0 0 0 0 0 43 0 0 0 73 610 829 0 0 492 0 647 0 0 0 0 0 0 0 0 0 109 0 0 50 952 0 0 356 0 0 0 180 400 278 0 0 0 0 0 0 965 0 0 0 0 0 0 604 0 0 0 0 0 0 0 902 0 0 0 0 0 0 0 0 0 0 0 0 0 0 0 0 0 153 0 0 0 702 921 0 0 0 0 894 0 0 70 557 0 0 0 703 0 441 0 674 0 0 0 0 0 127 0 84 770 0 487 0 0 0 0 0 0 0 0 732 0 0 252 708 0 0 966 165 266 11 0 0 0 0 0 0 0 0 813 0 740 0 0 0 0 0 0 0 0 0 0 0 258 494 689 0 247 160
0 445 0 0 0 687 825 123 634 669 0 0 0 0 0 0 867 395 0 176 429 9 0 238 0 0 0 608 382 0 0 0 643 0 0 0 0 62 850 0 540 580 0 0 811 918 0 682 0 0 214 0 198 0 0 0 0 0 0 0 0 0 350 0 0 0 677 577 479 492 91 0 326 367 107 0 0 0 0 0 0 0 0 163 0 707 0 21 0 0 0 293 0 49 0 136 87 373 873 0 0 0 0 0 0 0 0 0 0 0 0 531 0 0 0 611 0 0 611 0 159 513 954 0 0 793 0 115 42 222 447 541 0 0 0 0 870 0 0 0 0 0 408 751 0 0 0 427 836 0 0 0 0 567 0 0 0 889 0 45 0 0 79 0 360 0 0 0 0 290 597 0 0 0 0 0 492 0 0 0 709 0 0 0 0 0 940 578 200 0 610 0 716 0 713 0 0 0 0 905 138 0 0 0 987 0 0 0 0 254 0 708 0 380 0 0 491 0 0 0 0 0 0 0 0 0 0 0 0 582 0 0 0 376 0 722 0 0 0 0 0 0 0 0 0 0 0 0 680 0
0 0 0 993 958 0 0 432 0 0 0 0 0 0 0 0 0 0 0 705 0 0 238 0 288 0 0 32 0 0 0 0 602 0 0 0 527 0 0 0 0 0 0 677 0 0 0 0 0 525 453 0 347 0 933 0 959 0 0 0 0 0 0 0 322 0 288 0 0 383 0 597 0 0 0 0 712 0 0 412 0 44 0 0 893 0 90 0 0 999 704 0 0 0 0 0 0 484 0 0 2 314 0 0 0 640 0 0 0 0 0 0 0 0 0 0 0 0 0 0 423 0 0 0 0 0 0 0 700 0 0 0 0 0 0 161 0 0 0 0 0 132 358 0 167 784 0 0 0 0 0 69 967 0 0 0 0 0 0 839 0 0 0 0 68 167 0 0 0 0 0 0 0 0 0 0 822 0 0 0 0 0 990 0 0 0 0 516 0 218 0 0 512 0 718 796 0 0 0 0 0 0 0 541 0 0 0 13 766 0 0 0 0 0 0 0 908 741 0 0 0 0 800 0 946 0 0 0 0 0 0 0 492 598 0 756 0 0 0 0 0 87 0 0 657 338 0 954 0 0
0 0 541 0 49 697 0 0 0 223 373 790 571 0 928 0 0 705 0 0 0 311 0 288 0 293 0 0 0 115 105 731 2 0 986 0 0 113 0 0 0 147 0 0 8 0 0 695 0 0 0 0 0 0 0 817 771 0 0 266 0 0 0 394 0 0 0 0 0 0 0 0 0 862 187 0 0 0 0 844 668 0 0 0 895 0 0 711 0 513 726 0 918 0 898 256 0 735 0 44 391 0 0 571 0 0 0 500 112 87 0 957 0 433 0 188 0 92 0 0 526 874 0 0 0 0 0 0 0 0 0 68 0 0 0 0 611 530 0 668 0 0 961 529 303 0 0 128 0 329 0 0 0 0 0 629 0 0 571 0 0 806 0 0 0 0 0 686 128 703 0 182 0 0 0 0 0 970 0 0 0 362 0 188 0 590 0 226 822 0 720 0 436 646 0 334 0 0 323 314 0 0 648 0 0 0 0 425 96 0 0 0 0 0 0 0 744 0 0 0 0 0 0 0 0 0 0 0 0 0 0 0 0 106 0 609 0 0 0 0 433 0 997 0 0 0 0 0 721 0
0 332 0 340 0 0 0 0 845 0 0 0 0 935 0 0 0 0 0 0 0 0 0 0 293 0 695 601 0 0 0 422 594 0 0 0 751 0 0 0 677 0 0 0 609 0 0 0 0 0 0 0 0 0 708 0 0 0 822 0 0 0 0 907 0 0 0 0 0 0 95 0 0 0 0 0 112 470 0 0 0 0 0 0 0 0 0 0 857 0 0 0 0 0 0 0 0 0 0 138 129 0 258 212 0 0 0 0 0 0 0 0 0 0 0 590 0 0 0 0 0 0 0 0 0 0 0 0 80 980 0 0 0 651 0 0 0 101 0 0 0 0 0 0 0 0 9 0 0 0 0 0 0 0 0 0 0 916 0 0 0 0 561 287 0 635 14 0 0 0 0 0 0 0 0 0 683 0 0 0 160 0 0 0 0 0 149 0 0 0 0 0 0 600 0 0 0 0 918 0 0 0 924 0 0 0 0 0 0 790 0 65 326 0 0 0 170 962 0 0 0 713 153 259 0 0 112 0 708 0 0 0 0 0 0 0 202 0 0 0 0 77 354 326 0 140 0 846 0 0
0 0 0 0 0 0 0 0 0 781 0 0 345 0 0 0 507 0 0 264 0 0 0 0 0 695 0 269 0 0 0 419 0 34 0 0 0 546 235 0 0 0 0 0 0 0 0 742 80 0 149 0 142 0 0 0 69 0 695 0 0 0 830 0 0 0 740 282 888 0 0 0 67 0 0 0 372 0 649 0 0 0 0 0 0 0 948 0 0 0 246 0 0 0 519 0 0 0 0 0 0 957 0 623 0 0 0 0 0 0 61 0 0 232 0 0 0 0 0 0 0 0 0 0 159 0 0 0 0 0 0 100 0 729 256 0 0 0 0 0 0 0 0 0 0 0 0 0 0 716 0 0 496 0 591 0 0 504 898 0 246 0 0 442 0 0 957 83 0 0 0 0 877 0 183 0 0 0 529 0 375 0 0 0 0 0 0 0 0 0 90 845 0 0 348 0 0 165 849 0 0 0 599 158 817 691 0 0 0 0 0 0 128 0 0 552 77 0 103 0 48 0 0 0 0 513 0 674 0 456 0 0 0 0 0 0 0 0 195 0 0 0 0 0 0 0 0 0 0 827
498 0 0 0 0 0 0 0 0 0 316 0 0 0 0 773 275 0 0 0 0 0 608 32 0 601 269 0 846 400 0 6 0 682 0 0 0 0 0 0 0 0 0 541 702 0 0 0 0 184 0 0 0 0 0 0 924 0 0 0 706 0 0 0 0 0 0 484 0 417 417 0 0 0 0 0 327 0 0 95 0 829 0 974 589 0 0 0 0 210 148 0 0 0 0 0 0 0 0 0 489 0 881 12 0 0 0 0 935 329 0 567 0 0 0 0 236 0 285 224 602 0 0 0 0 0 0 0 129 640 0 0 0 0 0 0 0 972 0 0 0 0 0 0 0 687 53 0 0 902 0 497 0 782 0 415 0 0 0 0 438 8 0 0 85 0 0 0 0 0 0 939 409 0 0 0 0 9 784 0 0 0 145 0 0 566 247 32 834 0 0 0 0 0 0 0 0 0 0 987 508 0 0 0 0 538 301 0 0 0 922 0 0 0 0 0 0 0 0 0 0 0 0 0 0 0 0 0 481 340 214 468 952 503 874 0 0 0 0 72 0 974 0 539 0 816 0 0 0 0
842 0 0 0 0 0 859 0 0 764 0 0 701 0 0 0 556 0 266 0 212 0 382 0 0 0 0 846 0 343 0 889 706 0 0 0 957 0 0 0 0 0 668 0 0 0 237 0 0 0 0 612 0 0 0 0 0 0 0 0 744 0 0 0 0 356 0 118 0 0 0 0 0 0 0 0 533 0 661 0 0 774 0 531 0 0 0 0 280 0 0 0 0 0 0 0 477 0 0 0 0 0 0 0 0 781 0 336 0 0 713 0 0 0 400 0 0 0 0 0 0 0 171 0 0 0 0 0 0 0 0 0 0 0 0 0 825 0 0 0 0 0 891 0 0 0 0 0 327 0 0 0 0 0 348 55 34 607 662 0 0 810 0 0 302 0 0 727 0 893 0 0 0 319 0 332 0 0 0 0 0 0 0 931 0 0 0 407 0 0 0 509 0 0 0 0 576 0 0 0 957 0 883 0 0 788 0 0 0 196 0 0 233 0 0 0 0 0 0 998 0 0 582 704 420 0 0 169 0 0 948 907 0 564 0 0 0 0 214 0 0 0 0 16 0 0 0 790 0 0
0 0 0 0 0 0 967 0 193 0 0 752 224 0 0 0 0 0 701 0 0 0 0 0 115 0 0 400 343 0 167 0 0 0 353 0 760 0 0 0 0 0 0 0 106 0 0 0 925 0 0 85 832 0 0 0 0 0 0 0 0 0 0 0 0 0 0 0 0 533 0 0 0 153 716 0 0 0 0 0 0 477 0 0 902 0 0 0 0 923 0 971 0 0 0 54 0 0 600 0 0 0 0 179 225 167 0 337 0 0 0 0 995 0 0 562 311 0 0 0 192 0 0 0 0 0 0 0 0 0 0 726 0 0 0 0 0 5 0 0 0 0 0 0 683 0 0 0 0 502 0 885 0 0 0 333 969 0 0 0 424 133 0 969 500 0 751 0 0 0 0 0 0 0 0 0 0 0 184 0 876 833 0 0 221 0 0 225 0 159 0 0 0 801 183 0 544 648 777 0 0 0 0 0 0 0 0 0 0 0 25 0 0 0 742 161 0 0 382 0 203 0 0 511 238 0 0 0 823 0 905 0 0 15 919 554 202 0 0 0 661 0 273 0 0 0 405 0 0 0
0 0 775 0 0 0 0 120 539 0 950 0 0 0 0 0 0 0 0 0 0 670 0 0 105 0 0 0 0 167 0 181 0 385 660 0 667 0 0 0 0 0 0 7 0 0 0 0 0 0 0 0 0 448 0 0 0 0 0 0 0 0 0 0 0 0 0 124 546 0 19 708 0 187 734 0 0 0 0 916 672 0 0 0 0 650 0 0 194 0 0 0 115 0 0 0 0 554 0 0 0 396 0 0 0 0 0 698 0 0 57 653 0 0 387 0 458 0 502 0 0 0 948 0 214 936 0 403 0 0 0 0 0 0 0 0 0 0 440 0 0 0 0 0 0 0 0 0 0 0 295 0 360 0 576 0 0 0 0 0 0 0 355 531 521 669 0 348 0 0 0 0 0 0 0 291 301 0 0 579 0 0 306 693 0 0 0 77 0 0 0 0 580 0 0 0 967 0 0 0 0 846 0 0 210 0 0 794 0 0 338 0 800 666 0 768 0 0 0 426 163 0 0 406 0 0 0 690 0 0 0 0 0 0 0 0 0 0 672 0 0 0 158 0 0 0 0 0 406 890
488 0 0 597 582 488 963 0 0 544 0 330 468 0 0 0 0 0 13 0 0 39 0 0 731 422 419 6 889 0 181 0 149 0 0 0 0 84 0 107 0 908 0 0 209 0 0 663 33 0 0 483 46 234 0 0 0 0 0 830 0 0 331 598 0 616 0 0 0 0 0 0 0 0 0 0 0 0 0 502 976 728 803 19 487 0 0 554 232 0 0 39 0 510 0 0 576 0 0 0 0 0 0 0 57 0 242 0 0 0 536 281 0 0 0 0 0 0 0 0 82 0 491 0 0 0 0 292 0 123 0 0 0 659 0 440 0 659 446 0 0 574 0 0 0 0 0 0 267 0 0 779 844 379 0 0 0 0 0 478 859 843 0 575 0 0 778 0 871 0 0 0 81 0 0 0 0 316 0 0 0 71 0 0 57 0 0 0 0 0 0 0 0 0 860 0 0 511 0 0 0 172 0 0 0 413 962 0 0 793 239 0 0 471 0 0 0 1000 0 0 0 0 750 326 628 0 0 0 926 0 457 651 444 792 0 0 0 152 0 0 424 624 730 0 961 0 0 0 0 98
0 0 0 0 0 0 0 0 0 0 0 0 0 760 148 0 0 0 79 905 601 0 643 602 2 594 0 0 706 0 0 149 0 150 933 0 805 0 968 511 0 0 0 0 0 208 0 741 0 0 0 0 0 0 0 933 0 0 0 324 0 164 0 0 0 0 196 0 188 0 678 0 0 0 0 354 994 0 0 0 923 415 0 0 86 3 0 0 634 0 0 916 81 474 0 0 0 0 85 0 0 205 0 0 0 0 623 0 876 0 0 73 0 0 0 0 0 0 0 838 321 464 0 0 176 353 1 0 0 4 0 649 129 0 0 0 127 510 152 0 0 440 874 0 0 0 0 937 973 743 421 0 77 0 0 0 291 0 0 0 735 339 0 0 0 0 0 259 380 0 403 377 0 0 792 0 999 0 0 0 0 0 0 0 0 0 728 251 185 0 0 958 0 290 0 966 304 0 0 0 0 344 669 0 654 795 810 0 0 697 0 194 0 0 0 0 749 0 0 832 0 449 0 0 0 0 0 0 0 0 0 0 464 0 0 288 0 0 0 0 0 75 362 0 0 0 0 0 0 732
0 0 0 793 0 0 0 0 537 129 0 328 845 0 0 0 997 0 0 142 0 0 0 0 0 0 34 682 0 0 385 0 150 0 248 0 0 81 0 612 0 0 0 0 764 0 295 446 0 0 0 0 421 0 0 331 0 813 0 0 709 0 0 807 0 0 264 0 0 0 0 0 0 324 0 549 0 0 516 0 0 0 946 0 0 0 0 0 768 0 0 0 523 0 0 0 0 0 0 0 0 0 0 70 0 297 0 0 614 251 0 0 15 0 0 0 0 0 0 0 0 0 0 0 0 967 573 410 139 0 0 0 798 0 0 0 0 602 0 0 0 929 0 446 0 0 0 0 0 0 677 0 0 0 0 225 0 0 0 0 0 0 0 0 0 0 381 188 0 0 0 0 0 469 98 0 632 457 0 0 742 0 0 0 0 0 0 0 0 100 0 34 0 0 0 0 440 0 86 852 594 0 0 0 0 0 0 0 0 454 369 0 0 0 641 194 0 0 0 0 737 0 0 29 0 0 0 0 0 0 0 0 0 0 0 0 170 382 0 0 0 0 912 0 0 37 0 0 0 223
0 106 468 0 0 0 527 0 0 17 286 0 0 741 403 0 0 0 167 74 0 411 0 0 986 0 0 0 0 353 660 0 933 248 0 213 583 0 218 0 0 0 795 143 543 0 0 0 164 0 0 613 0 949 0 0 304 792 0 0 963 0 0 171 0 0 201 0 0 0 0 0 61 249 498 126 0 116 0 0 0 839 0 777 0 0 0 1 748 0 464 0 0 0 0 0 0 0 535 442 448 0 0 376 0 231 0 0 0 0 669 0 0 332 0 0 0 0 0 0 0 507 0 244 0 0 0 0 733 0 0 0 0 0 0 0 245 0 999 0 0 0 0 0 0 0 0 0 0 0 0 0 0 635 228 0 0 141 0 0 0 196 0 235 837 0 0 0 0 0 359 0 0 0 44 0 0 0 0 0 0 0 556 0 0 556 0 0 0 0 0 0 0 0 0 0 0 0 0 0 295 0 550 0 0 0 0 0 769 0 740 0 0 0 0 169 0 0 0 0 0 0 0 484 633 0 0 0 291 0 624 0 0 0 935 0 0 0 0 0 322 0 843 0 236 0 200 0 0 0
0 0 0 495 0 67 0 0 0 656 0 294 0 201 718 0 0 0 0 224 0 0 0 0 0 0 0 0 0 0 0 0 0 0 213 0 434 0 0 0 0 0 0 0 0 0 0 0 0 797 109 0 0 0 0 0 0 532 0 0 0 0 0 0 741 0 0 0 37 0 0 188 0 0 724 0 0 0 0 168 0 0 0 80 0 598 628 0 0 287 0 0 0 885 989 328 0 0 738 0 90 34 0 0 900 0 0 0 0 0 0 790 0 199 0 0 634 420 498 0 0 0 0 0 0 0 0 593 0 0 0 0 0 754 69 0 835 0 0 194 0 0 0 0 92 0 0 809 676 0 0 956 0 0 0 0 0 0 813 0 676 567 0 0 0 784 0 0 238 0 699 0 0 0 818 0 487 0 335 752 0 315 200 0 0 0 44 0 290 344 215 0 0 0 0 0 0 40 0 0 0 57 0 0 0 0 0 0 0 0 626 200 0 0 0 0 0 0 565 0 0 0 130 0 0 0 0 0 43 0 0 0 95 0 519 838 0 690 0 319 0 0 249 0 0 0 374 0 0 0
0 0 750 0 731 0 0 0 0 0 0 928 0 0 365 99 0 110 0 0 0 618 0 527 0 751 0 0 957 760 667 0 805 0 583 434 0 522 0 0 0 958 0 0 0 0 0 935 701 461 497 0 659 0 578 0 0 760 601 0 821 0 0 0 0 0 798 0 0 0 0 677 0 0 0 0 0 0 0 386 921 0 0 0 931 314 0 0 0 0 0 0 922 979 0 123 0 0 47 0 606 0 0 0 0 0 0 0 0 0 657 118 0 0 780 0 924 306 255 692 0 791 0 0 920 72 0 310 0 0 0 0 0 0 0 0 637 0 0 0 370 687 710 0 686 0 0 0 0 0 0 0 0 248 441 0 714 0 0 820 218 0 0 281 0 0 0 0 657 0 649 0 312 911 0 0 0 567 771 0 758 0 903 0 0 0 0 0 0 0 0 0 0 476 0 0 0 0 0 166 0 0 726 0 0 63 426 0 551 644 0 0 477 434 695 0 0 0 0 0 187 0 0 0 12 514 0 0 0 60 0 0 473 0 876 257 0 0 318 0 584 0 434 483 0 0 0 413 846 197
0 0 564 0 360 0 0 104 0 0 0 0 0 382 899 497 0 0 880 0 485 387 62 0 113 0 546 0 0 0 0 84 0 81 0 0 522 0 875 0 622 0 219 0 0 733 0 0 0 0 0 0 0 0 0 986 0 0 153 0 0 0 151 0 489 0 0 0 636 679 0 896 0 0 222 0 0 0 223 0 0 477 330 337 0 0 0 0 156 134 0 0 0 0 0 0 0 262 0 0 0 0 0 0 443 0 0 0 0 125 0 0 0 0 0 0 0 0 0 0 0 0 0 0 183 24 565 0 0 820 879 623 555 0 0 0 677 0 922 851 950 0 0 0 0 0 766 0 0 0 669 0 304 0 0 361 0 0 0 0 0 281 717 873 0 0 0 0 645 0 0 0 0 0 435 0 0 0 0 502 0 0 0 0 0 0 270 256 636 0 0 0 0 0 0 0 0 369 681 0 0 0 0 0 0 0 0 0 0 0 662 0 0 0 0 705 0 0 0 0 0 0 995 43 35 0 377 565 405 907 0 409 0 0 394 0 134 0 0 0 0 0 0 0 0 0 250 0 0 0
0 0 0 646 0 0 737 0 0 0 57 0 0 0 0 0 0 972 0 0 0 0 850 0 0 0 235 0 0 0 0 0 968 0 218 0 0 875 0 131 0 506 0 0 235 217 0 0 0 519 0 0 0 0 0 0 457 0 0 123 0 0 0 0 665 0 0 0 0 0 0 0 0 833 0 0 0 0 0 423 152 0 345 0 0 0 401 0 683 154 620 0 0 0 0 19 51 0 0 166 426 48 0 0 571 0 0 911 0 0 0 939 0 587 0 0 0 0 0 0 0 0 0 433 278 822 0 265 0 0 0 0 0 0 0 0 0 0 0 197 0 0 402 0 0 945 0 0 0 0 0 0 631 0 0 225 0 0 0 725 0 0 0 0 964 95 772 0 0 972 396 614 0 0 0 531 761 0 238 0 82 9 0 0 0 708 0 0 478 0 0 719 0 0 446 0 0 137 0 0 0 0 348 0 0 0 487 0 0 0 0 0 0 0 0 18 0 0 0 0 0 827 515 123 0 0 0 0 0 87 0 0 0 976 887 0 147 769 0 0 0 614 587 0 316 0 0 0 282 0
0 0 0 0 0 0 342 0 0 0 0 0 4 0 0 0 0 612 0 0 0 984 0 0 0 0 0 0 0 0 0 107 511 612 0 0 0 0 131 0 790 0 0 0 504 0 0 0 839 0 0 0 0 654 878 0 0 540 0 0 0 267 0 27 616 0 598 289 241 34 815 0 0 0 741 641 0 241 0 0 908 0 576 167 0 0 219 0 0 0 0 0 430 731 0 0 164 0 0 0 0 0 0 0 0 0 300 478 0 0 0 0 0 0 0 678 0 0 0 0 0 0 0 0 182 0 0 999 0 0 0 0 0 477 200 789 0 0 0 190 737 0 0 0 0 0 0 522 0 0 0 0 0 0 0 0 370 0 900 0 0 0 0 0 564 274 446 0 337 0 0 225 0 968 0 0 0 0 502 945 496 0 0 73 580 0 0 0 0 973 820 0 0 913 0 0 0 91 561 0 0 416 47 0 0 0 0 26 0 0 0 0 684 0 0 0 699 0 0 0 374 0 471 0 1000 0 0 0 288 0 0 0 0 0 0 872 0 0 0 0 0 0 0 0 0 0 0 404 853 0
0 0 0 0 0 0 0 0 0 0 126 0 16 0 840 162 0 0 0 0 0 0 540 0 0 677 0 0 0 0 0 0 0 0 0 0 0 622 0 790 0 427 413 302 0 877 946 0 0 157 446 0 417 0 0 0 54 0 283 0 678 0 0 0 0 946 61 0 386 0 0 683 0 0 0 309 445 210 0 0 68 0 333 491 0 0 977 0 0 0 0 0 0 545 837 0 0 0 761 0 0 0 0 0 0 622 0 0 0 0 335 0 0 0 0 0 521 900 0 0 0 2 0 0 0 0 0 734 681 0 0 840 371 301 0 601 713 64 0 0 0 35 0 0 0 634 0 0 0 284 582 247 0 0 0 0 37 0 0 11 0 0 0 0 0 0 266 0 0 0 0 0 879 15 0 0 0 0 0 75 0 0 0 0 143 0 0 695 356 0 0 0 0 0 0 0 0 0 0 187 0 0 251 0 0 333 977 0 0 0 0 0 9 0 0 926 0 488 191 207 0 0 0 210 0 0 681 867 476 0 0 0 0 700 0 277 0 985 0 0 997 0 201 0 268 534 0 0 0 0
0 0 158 0 0 730 0 0 0 0 0 668 0 0 0 0 0 0 0 0 0 0 580 0 147 0 0 0 0 0 0 908 0 0 0 0 958 0 506 0 427 0 562 0 66 932 0 0 0 0 312 727 59 0 0 0 0 0 0 0 0 65 0 0 463 992 0 0 447 0 500 0 0 186 0 794 0 862 0 56 0 669 0 0 543 663 0 0 0 410 0 0 0 0 0 0 0 0 0 0 399 0 448 0 0 0 0 0 0 234 0 396 0 17 0 0 0 257 0 0 159 0 0 0 376 512 547 0 0 0 512 532 0 0 0 0 0 0 0 0 0 0 0 0 802 811 0 0 0 970 0 0 834 338 613 0 896 0 0 614 0 822 0 0 0 0 0 0 393 192 0 0 0 0 0 0 343 0 2 0 0 193 446 0 0 0 126 0 0 773 0 765 0 0 790 0 0 0 0 0 0 94 32 0 0 0 536 0 0 11 711 0 0 0 0 0 663 0 0 878 0 485 363 0 546 0 0 966 76 816 421 0 0 584 0 16 0 154 0 0 0 0 0 0 0 519 0 0 700 220
0 0 0 0 0 0 0 11 0 825 0 0 0 0 857 754 780 0 0 270 0 0 0 0 0 0 0 0 668 0 0 0 0 0 795 0 0 219 0 0 413 562 0 869 0 0 0 207 77 0 76 0 695 0 0 0 485 0 0 0 0 0 0 0 0 0 0 0 558 0 0 0 735 0 689 329 0 0 0 0 0 0 440 0 0 0 0 0 335 0 0 0 0 0 0 466 409 0 899 98 0 0 0 0 0 0 0 819 0 0 0 0 0 0 0 458 0 0 0 73 350 0 0 0 0 38 0 0 0 0 902 0 0 0 0 0 0 0 0 624 359 919 0 172 0 0 818 0 0 0 386 0 0 54 0 0 825 0 0 673 13 0 0 0 0 0 0 0 0 0 0 233 74 0 0 0 770 0 0 0 0 0 0 0 0 0 0 0 520 923 0 468 284 0 0 792 0 0 0 0 0 0 795 0 0 0 843 0 698 0 0 0 0 0 0 0 874 0 0 0 0 0 0 0 0 0 115 0 0 0 36 813 0 251 577 307 0 0 579 0 853 65 0 0 0 0 0 383 232 0
871 449 613 509 896 0 0 133 0 0 0 755 0 0 0 0 0 0 0 0 0 371 0 677 0 0 0 541 0 0 7 0 0 0 143 0 0 0 0 0 302 0 869 0 768 0 0 935 0 410 0 259 944 369 0 0 0 711 239 0 757 0 0 5 0 0 0 0 0 310 0 862 0 269 629 272 0 0 0 489 671 0 0 0 581 0 0 476 0 0 0 543 216 0 0 632 0 0 0 0 0 0 0 0 840 0 0 923 0 0 0 953 0 68 0 0 0 0 38 0 0 0 0 634 0 0 0 0 0 359 0 0 919 0 0 0 0 626 0 0 0 0 0 662 0 0 0 0 0 261 481 109 0 423 0 0 986 0 0 0 0 0 0 0 0 0 192 0 0 0 0 0 0 55 0 362 0 0 0 0 0 0 0 0 0 0 0 686 798 0 0 0 475 0 0 162 0 0 0 0 0 0 857 0 930 0 0 0 724 0 0 0 0 144 0 0 0 0 0 186 0 108 0 0 33 0 0 245 0 0 0 0 0 0 0 0 0 364 0 0 892 0 0 612 0 0 0 0 0 0
0 0 0 0 0 0 0 0 0 0 0 0 99 0 0 0 0 874 108 550 0 435 811 0 8 609 0 702 0 106 0 209 0 764 543 0 0 0 235 504 0 66 0 768 0 198 0 101 70 0 0 716 454 0 295 0 464 0 0 38 0 0 0 0 0 0 0 0 0 0 657 0 0 0 0 0 811 0 0 729 0 0 0 0 0 0 0 318 565 0 0 532 0 0 68 802 413 0 0 0 0 647 0 0 0 0 0 0 0 0 0 0 494 0 0 0 0 0 312 0 989 0 0 930 910 0 0 0 0 0 0 0 116 369 0 0 213 41 0 0 0 708 0 0 0 0 0 0 0 0 0 511 0 0 0 0 0 0 630 0 0 0 0 984 901 0 0 0 0 0 0 0 0 0 0 0 0 0 0 729 0 0 0 586 864 783 0 740 0 200 0 0 0 0 0 0 0 351 0 0 0 808 0 397 539 459 0 0 0 271 569 0 775 0 0 0 198 283 0 0 0 0 0 799 0 951 0 0 0 18 0 0 0 0 0 0 0 0 0 0 0 0 0 350 0 0 0 0 0 0
768 261 0 0 0 0 0 956 0 0 0 0 0 0 837 131 0 0 0 0 0 0 918 0 0 0 0 0 0 0 0 0 208 0 0 0 0 733 217 0 877 932 0 0 198 0 88 0 0 0 0 134 359 306 0 0 0 0 0 278 0 0 538 0 0 0 0 176 0 0 644 1000 375 0 0 0 0 0 841 0 0 0 0 0 0 0 0 0 0 0 0 0 0 0 0 0 0 0 0 634 377 433 0 0 0 0 0 0 0 457 548 0 0 246 0 0 622 0 587 220 0 0 0 0 838 661 0 0 0 0 0 53 0 0 0 0 0 0 0 364 655 230 0 0 783 0 0 0 0 0 0 0 0 0 0 0 0 0 0 0 0 0 0 0 0 343 258 0 103 0 732 0 621 0 0 0 0 0 0 658 0 0 0 0 0 0 0 902 0 621 0 0 0 0 0 0 0 0 0 451 0 0 21 0 0 606 99 0 0 0 421 0 618 0 0 0 0 0 0 0 0 0 0 0 972 0 818 0 54 0 0 0 0 0 0 220 0 909 0 0 0 633 0 863 0 858 0 27 0 0
0 741 0 0 678 0 0 0 0 0 0 53 0 0 462 482 0 0 0 166 0 0 0 0 0 0 0 0 237 0 0 0 0 295 0 0 0 0 0 0 946 0 0 0 0 88 0 975 0 0 0 0 0 0 0 0 0 0 816 0 208 981 0 0 0 0 0 0 0 0 0 760 723 0 0 210 0 0 0 0 0 192 0 0 0 0 0 0 0 0 0 508 638 0 0 0 0 0 0 0 0 0 0 937 0 0 0 0 0 0 656 749 0 779 0 0 0 0 0 0 0 0 0 0 0 0 0 0 0 0 0 606 0 281 4 0 0 0 915 0 0 915 0 0 117 0 566 94 0 0 0 208 0 0 0 0 0 0 705 0 0 0 0 823 0 0 0 461 172 0 0 0 0 0 131 557 0 308 0 381 0 0 0 258 0 0 0 347 0 0 0 0 0 0 0 0 941 800 0 0 0 0 0 115 0 535 0 0 0 0 0 0 0 0 0 0 0 0 0 0 0 0 0 0 0 23 0 350 235 972 0 0 0 0 0 0 0 652 273 245 0 0 0 0 718 0 0 985 0 639
0 0 0 0 0 0 0 799 0 370 0 0 0 0 234 846 0 426 859 973 0 767 682 0 695 0 742 0 0 0 0 663 741 446 0 0 935 0 0 0 0 0 207 935 101 0 975 0 129 758 0 0 412 0 977 0 0 0 0 0 775 0 0 0 0 0 496 0 312 0 0 0 0 0 0 446 0 772 0 355 191 0 0 0 0 759 662 0 698 0 0 336 0 0 0 0 47 0 0 0 0 0 0 0 0 0 549 0 0 59 0 0 493 447 508 0 943 401 741 0 0 0 0 449 266 0 0 0 0 522 0 0 0 33 0 0 516 657 875 58 0 0 0 0 0 169 558 84 0 294 0 0 339 0 0 0 0 0 0 0 384 0 0 88 0 0 176 865 210 975 387 0 0 0 0 0 0 0 0 0 0 0 0 184 0 0 0 0 0 0 0 0 0 0 0 0 0 271 0 0 0 0 0 0 0 269 0 0 0 0 0 659 988 0 117 0 0 0 0 0 0 0 466 0 0 0 311 622 0 0 869 0 0 0 0 0 0 0 0 0 771 277 342 644 0 0 0 0 260 0
0 280 0 973 0 0 0 0 991 0 0 0 0 0 0 0 0 0 0 0 0 0 0 0 0 0 80 0 0 925 0 33 0 0 164 0 701 0 0 839 0 0 77 0 70 0 0 129 0 86 0 297 190 0 0 0 0 0 0 0 672 466 0 481 752 0 695 0 378 0 0 0 768 0 343 0 411 956 55 285 224 0 438 526 439 0 0 298 138 738 0 0 694 0 0 421 929 234 873 116 0 0 564 0 0 162 0 970 0 0 0 0 0 0 0 0 0 138 211 0 0 0 0 683 811 0 0 690 0 0 0 0 0 0 0 0 0 0 0 3 351 0 0 0 852 0 74 0 577 0 0 0 325 0 0 980 635 0 0 0 0 0 0 0 0 0 799 400 38 543 0 0 0 621 798 0 124 611 94 0 0 0 0 0 0 0 619 689 0 763 0 116 0 0 0 575 583 0 0 232 967 0 0 796 0 84 0 0 0 0 0 0 0 0 0 0 0 0 0 0 0 0 825 0 0 0 736 351 0 536 0 0 0 0 0 0 888 0 0 0 0 0 0 0 0 0 0 827 0 148
882 0 0 0 0 0 0 0 803 0 0 0 741 0 0 329 0 0 0 313 0 0 0 525 0 0 0 184 0 0 0 0 0 0 0 797 461 0 519 0 157 0 0 410 0 0 0 758 86 0 468 0 326 0 659 0 0 0 0 0 0 0 0 472 0 0 0 0 0 477 0 0 0 384 542 0 712 0 0 0 0 0 240 0 0 0 0 0 0 0 866 0 0 848 382 0 385 769 615 0 349 995 0 794 0 0 0 647 0 0 0 0 0 0 0 0 0 0 0 0 0 0 0 0 917 0 0 0 188 0 0 0 0 960 0 0 0 735 0 0 0 311 0 975 0 0 0 0 853 0 0 413 0 0 756 126 0 684 57 0 0 0 10 182 408 382 0 0 0 0 0 1000 0 240 0 793 0 35 0 0 783 834 196 0 777 0 0 0 0 0 0 0 0 0 0 0 0 729 0 528 0 242 0 0 141 0 0 0 0 0 0 0 0 0 0 0 915 332 0 747 0 0 0 0 0 0 0 0 0 0 0 857 417 0 0 609 0 0 0 202 0 570 0 0 0 0 433 716 0 0
0 0 0 0 0 0 0 164 46 0 0 0 525 0 0 906 412 0 282 0 553 0 214 453 0 0 149 0 0 0 0 0 0 0 0 109 497 0 0 0 446 312 76 0 0 0 0 0 0 468 0 293 0 0 0 0 0 0 90 0 688 496 0 243 0 0 512 54 326 0 0 290 0 760 97 0 0 0 0 0 0 0 923 950 0 462 390 0 660 709 0 0 0 850 0 0 482 654 0 0 0 0 0 614 0 644 380 510 0 976 0 0 0 0 0 0 658 683 0 0 29 0 671 0 0 586 5 235 0 139 0 0 0 0 0 0 0 0 0 0 561 0 957 0 703 857 0 0 450 0 0 0 0 270 0 861 847 0 595 891 0 0 0 0 148 823 0 0 0 0 0 0 0 0 157 855 745 0 0 0 0 0 0 0 0 0 0 0 530 0 964 0 180 0 0 0 0 0 575 441 635 206 344 0 463 293 0 47 0 0 0 0 0 870 0 0 0 0 0 0 0 0 0 0 0 269 0 539 0 789 0 0 0 0 673 0 799 0 92 0 634 0 0 0 0 0 0 120 0 0
0 0 0 0 0 0 0 0 95 394 0 0 894 0 0 0 534 0 550 0 0 0 0 0 0 0 0 0 612 85 0 483 0 0 613 0 0 0 0 0 0 727 0 259 716 134 0 0 297 0 293 0 563 0 0 0 671 0 257 857 0 400 200 0 700 397 293 0 0 0 0 402 0 844 0 0 51 0 0 797 260 0 0 0 912 348 215 0 0 0 0 0 0 0 0 0 662 517 0 277 0 0 658 0 757 0 0 882 779 0 0 0 878 0 0 0 0 0 362 0 986 390 0 0 968 50 0 0 0 0 0 0 0 0 0 0 0 0 0 0 0 0 0 0 0 0 0 155 812 413 810 0 0 0 0 0 0 255 0 665 0 0 0 0 0 0 0 784 0 0 0 0 0 0 0 85 0 0 0 788 831 0 226 187 0 203 0 0 0 0 0 0 139 515 0 0 0 705 0 0 681 0 810 0 0 0 928 0 958 587 0 0 0 0 0 0 0 0 0 0 0 915 0 0 0 0 889 0 508 0 50 243 0 460 0 0 0 888 0 0 0 0 704 0 0 733 25 0 0 642
0 0 0 0 126 0 0 0 522 0 0 453 0 0 0 0 0 0 0 0 0 0 198 347 0 0 142 0 0 832 0 46 0 421 0 0 659 0 0 0 417 59 695 944 454 359 0 412 190 326 0 563 0 476 0 0 112 0 0 0 0 0 383 681 0 0 0 0 745 431 175 0 0 0 0 0 0 0 512 238 902 0 0 928 0 0 0 0 0 0 666 0 575 0 642 426 0 0 0 942 533 169 0 0 838 127 0 0 0 0 0 0 0 0 0 455 0 438 0 0 0 0 0 0 0 0 0 859 0 0 0 0 0 0 0 0 0 0 0 516 0 0 0 686 0 0 0 360 0 27 520 0 0 512 507 0 0 0 0 621 506 617 0 0 0 0 22 0 573 0 118 22 909 0 912 678 67 492 0 0 521 0 0 413 0 0 0 479 0 0 0 0 0 0 0 0 0 0 0 0 423 0 0 0 0 0 0 0 0 0 742 0 0 640 0 0 958 318 128 0 0 611 0 0 0 0 750 829 0 0 0 0 46 0 0 951 773 0 0 571 0 0 816 0 0 0 0 0 0 68
0 0 214 624 0 0 727 0 0 919 532 53 0 0 0 0 660 0 0 0 0 0 0 0 0 0 0 0 0 0 448 234 0 0 949 0 0 0 0 654 0 0 0 369 0 306 0 0 0 0 0 0 476 0 883 0 414 495 0 0 0 0 0 168 0 0 0 0 0 0 38 0 829 0 0 0 0 372 861 0 0 0 167 0 0 958 0 618 0 0 0 0 745 820 981 759 451 0 0 0 0 0 0 364 564 0 579 328 243 0 0 0 0 0 622 0 0 0 0 374 0 0 0 0 0 0 0 624 0 469 0 305 0 0 0 410 673 0 333 0 0 0 0 0 0 0 961 0 69 264 71 621 0 0 162 561 0 0 247 0 197 0 765 0 0 660 88 0 20 602 0 0 0 305 0 0 0 0 0 0 0 0 0 0 569 0 0 0 0 0 0 0 0 0 0 0 0 437 151 0 0 0 396 0 191 0 0 453 0 0 0 326 0 286 0 0 0 0 0 469 0 0 341 0 0 0 218 0 313 0 0 0 607 0 0 252 185 633 0 184 0 972 0 0 501 0 0 0 916 0
0 0 0 104 0 422 0 211 0 0 0 0 192 0 0 0 378 0 0 531 0 0 0 933 0 708 0 0 0 0 0 0 0 0 0 0 578 0 0 878 0 0 0 0 295 0 0 977 0 659 0 0 0 883 0 202 0 844 602 231 0 0 0 202 621 0 0 0 409 0 0 0 565 0 827 0 0 892 730 642 0 161 0 0 648 579 0 0 0 0 714 0 0 0 54 232 70 0 0 0 0 0 432 0 0 0 379 0 0 0 0 0 0 0 0 0 0 0 0 0 0 0 0 0 0 0 0 0 162 378 0 0 775 0 0 0 0 0 0 921 0 0 308 0 0 0 0 958 0 0 0 0 0 0 571 0 0 0 0 0 0 0 0 697 0 541 121 0 720 0 0 0 203 0 29 0 488 578 0 0 0 0 0 205 0 0 0 564 0 0 0 846 454 203 981 650 0 0 0 0 0 859 0 0 781 0 0 0 0 0 0 237 0 0 0 0 0 522 13 15 0 0 0 0 0 0 141 0 0 926 149 0 0 734 150 0 0 0 0 0 0 0 0 0 91 0 966 0 0 0
0 0 0 0 117 0 937 0 273 0 226 0 88 0 0 824 84 0 0 0 0 0 0 0 817 0 0 0 0 0 0 0 933 331 0 0 0 986 0 0 0 0 0 0 0 0 0 0 0 0 0 0 0 0 202 0 120 681 833 0 0 0 0 0 996 0 0 0 0 0 0 0 0 0 392 0 0 655 0 986 0 0 0 0 0 0 0 0 0 0 0 106 0 85 422 263 601 0 0 0 0 26 0 0 187 0 0 0 0 0 0 0 527 0 0 899 0 0 0 0 0 0 0 0 0 613 0 935 0 977 204 475 0 0 0 0 49 487 0 0 791 0 0 553 861 0 0 0 0 299 0 631 0 437 0 0 0 0 0 0 388 0 0 0 0 834 0 652 0 808 0 0 0 0 0 155 0 0 511 0 371 408 571 0 0 961 0 351 606 687 0 525 28 0 0 0 844 0 0 561 0 0 0 0 883 0 0 0 0 0 176 304 0 0 613 0 0 0 345 168 0 877 65 0 0 0 0 0 0 0 928 0 805 583 674 0 692 0 146 930 0 405 0 691 0 0 0 0 284 47
0 544 0 0 0 0 0 0 0 0 231 819 819 253 0 0 0 451 911 0 947 0 0 959 771 0 69 924 0 0 0 0 0 0 304 0 0 0 457 0 54 0 485 0 464 0 0 0 0 0 0 671 112 414 0 120 0 577 582 0 0 0 0 0 77 0 0 0 0 215 0 0 0 0 704 176 0 0 679 0 0 0 0 0 0 459 0 0 0 595 0 0 0 416 0 326 0 0 0 0 0 41 0 0 0 941 0 0 0 583 0 0 121 0 0 0 49 0 0 0 949 0 0 714 0 0 124 922 0 0 0 870 0 0 0 0 561 0 0 532 0 433 0 0 194 818 0 0 0 0 0 0 116 20 0 0 0 0 0 290 0 0 0 39 890 847 416 109 0 927 0 0 0 0 808 0 32 0 542 0 183 0 0 0 0 290 162 0 0 448 0 0 0 0 812 0 737 0 0 0 142 0 0 717 0 0 102 0 0 384 0 0 0 171 532 0 0 0 0 0 0 877 0 0 134 0 0 0 0 0 0 290 0 0 24 0 0 0 975 0 0 0 744 302 821 0 0 825 0 0
807 0 0 0 0 0 993 0 0 1000 601 0 0 799 0 439 0 250 0 0 892 510 0 0 0 0 0 0 0 0 0 0 0 813 792 532 760 0 0 540 0 0 0 711 0 0 0 0 0 0 0 0 0 495 844 681 577 0 823 0 0 0 801 0 948 784 0 544 89 491 0 0 0 597 0 0 0 594 0 0 0 854 0 539 0 68 0 0 0 0 0 0 0 0 0 0 0 0 0 372 0 554 0 0 0 0 0 0 0 0 0 0 0 764 0 0 787 0 0 317 764 801 0 0 0 0 0 0 637 0 779 0 77 0 0 605 0 245 0 0 997 0 0 0 0 444 232 0 198 0 245 0 945 0 345 0 21 688 323 560 778 0 0 0 0 0 0 0 620 0 0 0 0 0 0 933 0 0 0 73 260 0 0 0 0 338 0 386 0 278 0 0 0 0 0 0 0 553 0 0 0 0 49 0 0 455 598 0 0 0 0 0 0 489 0 440 0 0 357 0 0 0 0 0 0 0 0 0 203 0 0 0 0 0 0 0 0 0 951 0 0 0 556 0 0 0 0 0 941 0
432 0 0 0 311 290 0 216 735 661 915 0 0 0 956 0 0 112 0 0 192 0 0 0 0 822 695 0 0 0 0 0 0 0 0 0 601 153 0 0 283 0 0 239 0 0 816 0 0 0 90 257 0 0 602 833 582 823 0 965 0 849 122 0 698 0 0 0 0 0 0 0 0 0 0 0 264 0 0 0 0 0 0 195 0 925 534 0 0 0 0 674 309 480 0 13 0 202 1000 0 0 0 0 0 0 620 0 0 0 0 0 858 0 0 0 0 0 0 0 0 0 0 0 0 0 282 0 818 0 0 845 0 310 0 303 0 327 390 0 0 572 863 0 446 0 0 0 0 0 0 0 0 0 0 626 608 0 0 0 0 279 0 215 0 0 677 0 0 0 0 0 0 364 614 0 0 0 0 0 0 0 0 0 456 86 0 49 572 0 0 210 717 574 0 54 0 0 0 320 0 0 0 0 0 0 0 0 0 198 0 992 0 954 0 0 0 0 0 0 365 918 873 0 925 0 233 0 0 0 0 851 0 812 509 0 928 133 0 0 0 0 0 764 0 0 0 0 541 0 0
0 781 959 443 0 0 258 484 0 663 982 113 0 0 431 0 0 0 235 0 995 0 0 0 266 0 0 0 0 0 0 830 324 0 0 0 0 0 123 0 0 0 0 0 38 278 0 0 0 0 0 857 0 0 231 0 0 0 965 0 272 0 0 0 860 0 118 0 0 412 878 0 0 0 0 0 0 0 202 0 0 0 926 989 0 0 56 0 266 0 0 530 0 0 0 0 253 0 0 14 0 569 0 534 0 0 0 345 625 0 450 50 210 57 0 0 155 0 0 0 0 731 0 0 0 0 0 0 0 0 0 0 89 681 0 0 0 0 0 0 0 131 0 0 0 0 572 0 456 0 0 683 0 0 457 0 0 0 0 0 0 0 0 36 0 853 250 0 0 523 0 0 0 0 0 0 0 0 0 0 0 0 309 0 0 0 0 303 0 565 0 64 0 0 0 0 303 0 0 0 0 0 166 0 0 0 0 0 0 0 0 0 545 0 0 0 0 0 0 71 0 0 0 212 0 0 835 0 0 0 669 0 0 0 0 0 0 0 0 0 0 0 0 0 0 0 356 540 0 0
0 0 0 0 0 0 904 0 0 325 0 0 0 725 0 415 0 135 0 0 0 895 0 0 0 0 0 706 744 0 0 0 0 709 963 0 821 0 0 0 678 0 0 757 0 0 208 775 672 0 688 0 0 0 0 0 0 0 0 272 0 989 0 0 0 0 0 80 0 0 0 0 0 421 0 0 0 70 747 0 0 0 0 0 601 0 0 0 0 670 0 0 0 0 0 129 0 0 0 0 0 0 0 499 441 539 0 825 675 0 815 0 0 0 0 998 86 0 529 491 0 520 30 0 0 0 379 0 0 0 317 0 0 0 0 698 532 0 0 810 0 0 0 257 0 461 0 0 0 0 0 0 661 688 0 0 0 844 0 0 0 48 0 0 992 299 271 0 0 0 35 0 0 0 0 0 0 0 0 715 0 0 0 0 0 0 0 0 0 0 0 0 0 0 901 0 0 0 0 0 0 422 732 0 236 0 0 0 456 0 0 0 887 0 0 0 0 115 0 683 69 0 0 34 0 0 0 0 789 0 0 836 424 0 0 0 0 0 431 0 496 0 0 0 0 453 0 0 0 487
0 0 0 0 0 0 973 0 749 0 0 0 0 0 844 590 74 0 0 0 853 0 0 0 0 0 0 0 0 0 0 0 164 0 0 0 0 0 0 267 0 65 0 0 0 0 981 0 466 0 496 400 0 0 0 0 0 0 849 0 989 0 145 0 0 0 0 0 0 0 0 0 0 557 0 0 834 710 0 0 0 0 0 0 0 760 755 0 677 0 0 520 125 683 0 0 0 0 0 968 0 0 0 0 0 0 0 897 0 547 0 0 223 31 0 0 71 905 0 0 0 43 0 0 0 0 0 206 0 0 673 24 146 90 0 867 0 0 477 0 0 596 0 0 0 0 0 803 0 561 0 0 106 0 0 0 0 639 0 886 0 0 229 0 0 0 414 102 611 0 0 0 881 183 0 0 841 0 0 0 994 0 907 0 0 154 834 0 166 0 0 91 332 0 627 0 0 453 0 552 0 0 0 674 0 0 0 0 0 0 0 0 0 934 0 0 227 0 434 0 0 258 886 0 0 0 0 0 501 929 862 0 769 0 0 0 313 878 0 563 586 0 144 0 0 0 0 497 0 300
