300
0 373 951 190 875 762 99 589 303 0 286 640 184 187 492 0 0 842 0 939 62 999 558 175 0 291 187 847 0 0 676 0 777 472 885 0 283 527 86 180 716 0 0 633 14 206 0 106 896 418 852 0 0 556 502 73 0 579 615 0 0 0 0 940 169 436 0 478 871 0 0 494 397 822 0 373 303 118 748 355 435 296 674 886 806 260 0 0 192 678 59 0 779 0 136 0 346 0 13 785 571 521 269 0 9 677 204 643 0 942 173 301 484 57 607 217 0 0 576 720 625 3 836 923 0 975 273 869 72 0 548 745 0 5 559 361 110 882 0 168 920 236 400 0 0 613 295 110 483 0 634 0 219 0 113 774 743 530 233 446 379 424 0 523 438 0 226 0 0 0 909 0 893 794 0 579 370 0 8 942 0 0 0 74 0 724 0 2 769 0 359 0 750 853 596 0 0 785 0 403 923 229 539 222 811 196 843 300 0 112 552 365 0 715 94 548 0 0 15 0 605 181 924 212 340 0 240 476 0 0 175 0 402 551 0 666 683 724 0 55 834 567 399 0 607 698 0 298 0 646 854 119 0 0 745 254 0 0 0 0 0 0 528 331 304 0 777 0 21 0 507 589 445 946 923 390 623 0 546 565 552 840 114 0 0 886 0 82 187 0 84 0 0 234 0 625 0 690 0 44 
373 0 297 785 291 272 340 824 136 717 0 975 778 951 477 0 0 369 0 125 0 876 482 0 849 0 733 978 507 223 343 431 0 938 0 470 709 813 161 229 0 0 310 312 352 153 885 291 119 471 164 0 737 504 0 117 0 432 963 0 935 800 965 0 0 0 150 969 149 235 589 0 0 179 874 195 743 313 0 817 0 704 0 0 823 40 0 0 0 276 922 532 994 218 0 251 0 0 0 0 0 719 0 481 298 268 0 0 331 560 235 416 0 0 0 0 242 0 473 0 806 114 817 620 204 380 925 44 522 0 0 0 897 599 851 850 0 201 318 688 517 317 0 743 965 0 62 732 518 136 352 996 0 192 112 0 0 0 562 0 704 0 0 350 685 793 752 184 0 568 251 176 0 883 0 57 361 128 715 125 699 0 491 38 910 4 937 615 0 739 0 566 0 982 912 0 821 449 584 847 269 0 0 443 269 511 555 0 96 552 441 0 504 0 0 930 0 0 0 0 308 0 255 0 0 0 0 701 568 0 40 0 545 721 0 0 0 28 0 244 899 110 0 700 0 671 383 432 797 900 0 0 0 896 534 0 721 802 764 621 679 0 0 835 0 0 924 669 309 410 258 634 30 519 816 610 0 0 0 287 703 330 224 0 100 314 0 0 0 0 0 0 0 998 491 42 0 125 505 255 
951 297 0 479 955 0 470 0 0 0 340 655 998 506 94 195 0 0 897 742 214 0 98 352 873 775 322 0 717 786 769 237 659 962 0 752 0 372 0 556 971 301 0 786 0 115 409 0 350 370 210 0 705 162 234 427 112 467 905 696 987 0 0 127 533 630 0 705 459 623 479 0 393 62 0 627 321 0 298 55 0 62 286 26 0 570 0 143 224 0 633 222 0 0 0 533 0 868 0 0 331 0 0 304 0 235 6 41 0 0 0 579 534 94 0 635 176 253 766 63 0 0 0 30 0 634 552 315 0 0 0 891 545 785 604 737 807 0 0 831 0 0 572 276 698 45 0 826 66 496 212 0 996 292 658 133 242 0 0 0 0 597 343 103 741 0 120 102 113 915 436 475 953 832 791 378 210 394 753 0 331 32 0 271 124 0 0 692 0 146 0 0 955 0 0 627 0 782 0 0 977 395 751 0 910 0 833 642 60 879 272 412 0 181 600 82 422 0 50 391 436 180 800 841 446 300 0 947 599 219 0 0 54 230 0 999 747 581 112 563 3 560 253 0 99 82 999 963 0 647 410 0 593 579 0 117 0 0 304 0 367 493 787 205 267 86 18 126 195 754 0 865 473 227 0 0 288 0 0 136 399 0 843 931 0 477 600 619 547 41 875 41 652 236 0 0 461 0 441 832 
190 785 479 0 737 5 0 963 37 158 713 836 0 776 43 366 240 378 0 0 0 0 264 940 760 120 0 0 0 53 0 292 960 706 420 973 0 346 848 0 145 695 213 244 699 567 427 0 220 97 967 0 958 0 350 0 29 927 840 919 544 86 0 742 889 83 239 385 0 113 648 936 0 0 0 800 0 256 218 193 0 268 0 330 0 242 581 0 585 437 0 875 397 855 776 0 244 483 218 254 482 926 589 0 461 0 245 207 52 228 958 128 834 0 0 0 0 219 702 73 0 582 882 216 0 180 461 0 0 256 956 321 0 894 996 456 169 318 0 527 385 0 0 0 0 759 244 530 199 165 587 10 0 541 640 300 185 826 41 518 0 0 799 965 233 275 381 850 0 0 376 0 53 0 693 131 0 415 73 934 873 0 0 254 500 120 0 666 453 319 515 0 817 0 968 197 538 108 795 0 841 894 662 814 512 666 113 463 680 336 97 260 678 0 703 164 826 934 444 0 0 997 572 317 0 536 0 964 0 492 586 220 528 579 665 427 0 0 418 801 716 620 845 0 496 0 534 956 891 697 918 957 337 168 201 0 690 0 770 503 0 0 754 663 856 0 682 0 895 53 793 0 182 866 886 493 0 135 0 224 51 0 725 0 617 899 831 68 0 76 667 908 528 66 336 0 940 882 220 763 
875 291 955 737 0 936 186 0 59 0 400 448 167 967 186 445 36 693 569 177 0 0 0 330 268 827 0 130 216 29 629 971 292 97 834 350 947 435 125 880 0 0 976 825 0 782 262 0 302 621 0 0 54 684 963 259 645 0 0 313 0 283 329 857 55 556 357 912 443 755 104 877 553 977 212 0 281 190 0 0 0 0 917 53 572 262 636 0 0 0 297 978 0 727 843 832 0 49 188 244 0 0 0 207 500 268 553 67 166 639 249 0 0 0 0 295 0 354 0 872 477 389 126 848 737 0 983 73 0 0 305 59 562 61 0 960 472 335 800 868 0 468 0 0 89 375 0 0 118 0 0 759 412 476 262 0 960 101 0 0 0 613 939 4 607 0 95 0 458 613 0 149 403 0 809 0 0 605 308 962 986 390 279 596 856 0 668 588 662 177 20 769 941 0 79 886 0 0 705 0 525 314 995 639 941 8 72 336 499 744 783 432 959 358 153 0 921 0 146 0 417 87 0 261 730 734 142 837 681 448 0 134 198 617 842 0 871 0 0 525 400 680 205 0 812 83 0 322 165 15 0 728 118 0 11 227 0 497 208 31 0 0 0 738 103 88 99 112 0 138 0 0 852 326 79 0 882 29 954 609 899 661 714 0 196 580 209 187 291 159 327 0 185 0 269 962 689 0 0 612 
762 272 0 5 936 0 158 498 539 754 313 244 0 0 7 196 523 32 185 963 271 0 315 881 0 0 401 663 0 894 594 464 494 0 615 914 618 0 0 965 0 426 175 0 285 100 0 0 143 0 462 278 773 889 0 902 0 234 963 702 277 0 0 0 838 300 937 0 0 960 0 0 646 277 0 196 782 992 999 891 24 131 96 434 0 788 371 214 476 0 343 933 0 999 0 465 13 148 0 185 276 0 0 870 0 578 270 532 0 0 731 906 0 470 0 780 339 0 642 0 0 501 250 0 0 0 509 518 240 887 0 0 328 213 779 0 0 208 543 938 874 180 450 895 691 0 828 345 942 0 0 422 0 0 5 0 110 108 792 0 450 380 0 534 674 0 478 695 0 876 890 718 0 0 0 197 968 776 0 669 902 140 0 713 9 290 603 0 0 415 489 943 0 928 949 180 726 0 898 301 594 752 443 421 730 210 383 261 755 623 920 453 946 198 0 34 0 191 0 980 445 942 0 0 613 5 316 499 0 331 21 0 905 0 186 639 144 133 205 0 557 842 0 0 0 241 731 406 0 0 0 420 637 0 588 156 0 0 0 0 0 0 365 452 668 0 334 561 559 774 526 0 829 272 0 8 0 194 383 157 988 0 707 0 304 186 0 532 800 680 955 358 476 0 785 548 716 528 0 468 
99 340 470 0 186 158 0 261 954 0 946 604 0 0 199 495 847 729 0 740 991 0 0 349 579 0 480 0 94 0 350 0 582 0 946 0 0 0 116 961 399 409 226 808 99 0 785 776 903 482 173 3 387 883 850 36 0 0 0 447 404 0 720 324 921 212 732 841 623 954 0 657 0 437 0 0 0 643 0 0 794 523 0 0 214 351 536 796 604 994 554 913 498 386 124 855 738 592 591 380 0 958 221 213 0 744 77 815 762 196 0 74 645 0 0 936 864 905 37 0 0 627 740 0 0 601 256 71 160 994 391 0 5 515 444 263 882 175 685 710 590 0 258 610 300 35 295 0 755 946 907 833 640 0 84 0 201 0 295 166 0 222 636 303 487 960 0 34 816 187 791 449 487 0 0 872 974 0 363 907 302 0 358 0 0 0 0 754 0 535 0 21 775 728 489 307 889 379 446 559 30 289 114 694 958 736 0 19 0 732 0 847 704 0 0 355 451 334 0 925 88 996 640 77 34 200 0 582 0 693 0 0 145 822 521 0 0 0 476 577 0 770 45 696 868 0 539 519 965 615 0 355 0 361 366 467 324 695 215 594 956 883 629 669 523 0 163 0 0 0 0 236 812 852 0 0 63 307 108 290 0 0 162 458 980 188 434 41 863 347 827 201 0 703 1 836 435 178 894 0 
589 824 0 963 0 498 261 0 945 318 556 58 21 96 355 0 247 466 0 0 292 752 0 796 890 414 907 407 17 0 205 935 0 883 668 867 738 675 794 318 404 835 0 915 980 0 139 0 228 299 0 894 422 0 0 925 0 434 469 0 781 742 897 708 792 145 0 597 801 350 129 0 768 559 271 0 0 0 803 0 923 903 273 108 0 0 428 759 0 913 226 143 0 91 987 0 438 0 0 975 999 0 0 0 0 0 310 493 425 199 0 507 758 583 457 337 232 698 306 0 938 564 0 183 621 734 0 0 863 611 0 0 876 442 877 83 92 0 0 203 135 903 444 415 0 748 0 0 194 285 0 178 0 521 785 490 305 837 682 157 0 398 0 253 0 88 0 31 646 964 964 222 118 255 80 171 96 0 0 286 81 435 647 553 0 0 0 206 198 504 0 236 0 226 311 0 497 968 0 0 203 923 724 35 677 0 0 799 0 484 0 298 75 150 707 575 0 190 394 244 208 267 82 815 0 701 0 137 0 496 0 325 41 0 417 0 371 369 242 425 82 869 143 2 0 364 284 0 323 802 123 280 0 830 0 0 770 869 0 0 0 0 209 0 993 0 516 74 0 704 873 821 968 0 157 612 937 552 211 269 554 274 0 602 425 0 0 345 122 655 0 132 0 0 0 581 434 717 239 220 
303 136 0 37 59 539 954 945 0 0 0 904 0 0 0 440 5 0 535 0 523 0 0 688 138 941 0 0 0 0 678 147 0 0 0 872 788 0 540 0 751 34 909 939 316 686 0 935 449 450 487 0 509 260 130 0 562 419 511 0 0 427 201 202 348 0 728 0 0 0 814 897 0 64 0 736 467 0 0 0 16 0 586 658 760 356 394 271 586 0 621 975 695 61 617 541 210 0 595 0 105 726 354 0 803 604 0 757 336 0 424 526 0 442 761 342 354 65 185 777 0 718 0 0 734 44 244 895 345 644 508 884 978 575 0 0 785 392 743 82 431 174 70 0 919 742 0 184 775 0 522 666 267 608 537 639 83 317 47 0 794 607 112 398 387 880 220 0 0 0 0 0 370 379 0 0 804 0 0 234 358 144 609 0 674 987 598 387 127 952 841 15 0 159 503 501 0 443 0 906 0 221 189 352 35 731 801 735 386 842 354 547 0 41 412 430 147 406 270 0 11 926 658 0 0 0 666 278 36 678 0 992 844 0 267 90 0 0 0 0 894 360 810 0 0 797 127 364 395 726 921 703 890 0 185 100 749 0 0 887 195 901 253 319 0 928 486 0 0 591 451 186 65 0 0 0 0 0 0 0 149 83 0 999 495 302 915 0 0 664 62 372 414 515 0 0 0 81 769 560 
0 717 0 158 0 754 0 318 0 0 0 819 830 920 158 509 0 796 0 997 221 865 827 98 549 638 108 398 609 0 191 562 279 729 20 491 249 0 878 138 0 685 568 21 294 247 308 794 899 790 0 466 241 632 851 378 33 428 0 124 29 0 0 300 398 966 0 48 924 0 691 620 0 102 376 0 0 125 0 922 979 47 912 760 828 0 449 852 978 0 0 551 37 602 694 809 22 598 316 295 840 0 0 242 612 527 943 473 559 122 667 587 0 832 0 488 0 856 623 172 46 7 671 720 0 0 304 346 574 0 883 20 739 0 124 0 0 248 995 0 878 282 293 326 0 373 737 121 799 650 0 0 662 702 948 825 0 0 0 0 742 177 257 979 470 106 0 905 0 518 0 829 0 0 416 638 301 871 452 0 420 635 818 594 564 838 273 0 0 270 552 860 0 704 523 0 144 969 352 0 245 55 497 0 787 0 673 0 141 0 761 0 0 0 733 140 658 812 4 0 0 617 0 0 128 40 261 678 103 650 424 0 862 51 8 0 788 551 87 294 51 241 357 618 80 0 546 0 905 511 479 873 2 425 527 0 427 0 73 0 538 614 533 0 92 10 787 865 420 355 322 212 572 990 120 641 388 0 416 770 147 218 0 30 0 0 83 86 0 492 0 849 0 0 170 0 0 301 2 925 
286 0 340 713 400 313 946 556 0 0 0 939 0 711 358 187 846 807 555 54 959 915 675 90 951 398 362 601 50 347 0 312 0 0 647 917 0 0 452 726 647 0 137 603 852 98 58 782 912 246 96 141 0 212 509 341 90 0 337 904 0 0 967 440 796 472 798 843 399 767 774 506 755 73 425 125 228 0 899 169 232 699 0 507 549 0 739 906 576 424 693 0 925 212 343 703 0 637 0 20 530 687 726 700 0 243 78 0 702 345 852 288 330 311 210 52 869 0 913 0 333 954 878 0 617 29 296 825 860 0 563 917 294 292 0 0 0 336 91 27 530 0 942 277 130 591 940 290 0 525 0 0 0 3 343 722 731 0 368 218 0 554 0 237 0 0 318 0 754 3 91 82 211 632 711 0 202 0 99 698 251 55 476 68 0 138 0 945 0 0 0 0 324 0 0 588 281 889 0 927 97 37 438 0 105 0 0 83 328 23 851 533 2 994 258 0 0 890 0 535 696 397 891 324 627 122 0 590 204 0 0 473 912 343 135 165 0 0 0 469 605 0 0 281 634 488 0 785 752 0 570 121 198 630 499 94 75 360 0 0 0 673 92 0 100 952 441 593 944 617 34 433 977 293 468 0 0 528 0 902 442 210 0 811 0 619 0 102 0 269 0 265 0 0 9 481 569 839 347 834 
640 975 655 836 448 244 604 58 904 819 939 0 787 935 0 381 96 44 722 301 0 0 767 842 634 408 0 0 0 436 968 0 271 0 459 0 998 34 654 842 0 460 356 985 927 0 0 97 653 391 455 755 0 0 0 652 626 821 0 703 201 674 0 0 0 788 329 677 0 944 785 624 0 0 0 503 846 226 791 690 0 0 83 556 297 967 0 805 58 615 214 884 72 0 0 0 493 667 860 577 737 0 0 63 183 467 0 689 365 0 50 136 172 670 802 479 622 103 0 0 206 190 330 165 56 674 997 583 513 441 62 989 0 177 289 0 174 0 865 337 280 0 0 734 0 429 528 0 704 746 331 295 962 420 411 267 370 0 0 702 247 748 0 48 386 0 909 929 476 0 366 163 0 898 453 294 0 955 519 0 0 92 905 20 0 0 0 0 899 0 842 291 570 81 413 708 0 0 736 672 0 561 667 0 445 323 0 919 789 104 0 0 464 311 459 518 0 712 165 294 993 240 629 385 0 250 452 0 555 943 0 141 116 267 866 0 0 57 521 905 27 0 172 264 0 321 29 662 0 882 618 564 0 845 710 548 837 0 808 0 0 568 471 702 477 0 536 681 321 775 873 973 916 621 600 586 788 770 0 214 884 0 651 537 305 229 114 685 693 73 604 0 967 524 0 186 45 0 0 0 
184 778 998 0 167 0 0 21 0 830 0 787 0 0 100 222 0 0 179 538 489 0 0 0 670 415 898 569 563 13 0 115 896 139 101 0 125 348 0 450 853 216 445 61 678 457 591 262 0 0 993 222 933 0 0 0 495 63 981 960 404 889 164 33 0 683 385 324 0 310 0 277 84 0 108 586 459 0 0 145 224 801 752 0 747 292 713 0 515 116 573 365 72 314 0 0 66 0 977 671 0 0 0 552 0 174 765 0 0 0 685 702 409 634 147 678 0 510 158 531 323 0 7 311 880 934 594 291 495 579 828 0 659 0 968 86 238 328 0 5 0 504 159 944 0 0 0 298 211 247 156 0 730 0 24 678 59 469 721 765 841 0 89 224 286 0 748 78 0 784 0 453 168 0 321 327 770 0 654 94 557 259 69 770 881 593 347 365 330 640 0 196 819 97 245 0 286 0 618 0 0 668 0 268 753 761 0 0 405 722 0 49 771 0 268 744 779 565 447 372 0 441 301 707 61 453 0 0 584 0 265 736 205 0 571 958 768 390 0 397 288 0 463 452 0 506 0 380 904 0 265 462 0 696 501 0 718 699 916 322 153 0 0 744 0 0 632 0 275 522 350 495 698 952 0 0 372 155 193 925 0 619 142 797 328 112 405 15 414 545 0 0 0 216 161 353 574 0 91 421 
187 951 506 776 967 0 0 96 0 920 711 935 0 0 207 944 481 541 0 663 170 226 217 27 0 100 630 600 0 0 872 491 0 0 136 641 900 0 843 562 542 0 990 222 825 0 774 225 627 575 521 0 0 0 563 583 0 480 511 906 207 33 0 0 722 780 281 307 0 724 527 331 857 298 0 42 44 427 28 490 914 803 953 904 643 807 564 0 156 0 384 854 0 0 0 848 0 761 0 0 0 0 613 285 0 590 0 757 611 64 773 560 659 71 330 712 0 255 0 0 13 0 422 0 564 0 0 503 942 441 766 0 791 940 0 203 0 336 541 875 0 685 0 0 265 0 0 0 0 563 0 0 943 0 0 213 450 954 449 0 0 757 0 962 0 575 902 116 439 976 203 282 587 257 913 664 747 0 0 0 243 551 989 143 812 0 0 501 869 841 677 603 0 0 645 39 487 96 0 732 0 684 0 785 293 600 790 562 722 0 0 713 0 660 785 0 911 851 150 85 0 0 73 0 135 343 847 93 999 0 0 64 707 811 0 151 0 207 588 237 0 190 695 917 0 994 0 785 0 513 779 807 31 232 253 0 0 460 111 280 0 0 314 0 913 436 422 0 819 737 0 924 323 996 362 927 140 0 215 573 92 615 847 0 96 0 479 289 401 601 320 143 83 110 306 141 83 284 831 465 
492 477 94 43 186 7 199 355 0 158 358 0 100 207 0 0 0 80 792 0 708 746 0 141 99 764 0 887 375 410 0 848 171 0 423 0 539 0 353 513 0 0 0 765 0 0 20 418 560 492 817 0 922 0 988 633 481 200 0 138 291 0 0 897 281 0 0 642 0 0 920 307 955 0 659 120 324 0 382 955 502 0 536 0 765 621 803 578 972 196 0 0 973 0 632 0 0 803 562 916 0 3 0 0 586 0 204 886 0 799 0 195 0 0 174 569 573 913 546 495 481 0 108 222 321 820 382 346 639 561 996 163 0 621 227 192 42 716 379 533 0 0 158 405 800 817 59 727 0 191 853 0 64 397 428 893 396 400 223 319 0 887 0 162 0 511 0 977 854 0 0 383 161 870 267 342 966 473 148 758 0 183 793 0 0 996 376 657 470 491 856 827 216 96 443 0 266 0 0 472 334 62 902 806 968 491 0 148 598 562 0 285 383 151 0 88 0 0 26 0 9 560 842 663 539 779 0 869 0 819 587 413 585 493 860 0 375 816 261 0 624 0 0 951 388 0 0 0 283 0 0 580 301 856 0 0 742 276 804 144 922 573 0 0 258 787 128 0 872 52 371 499 126 493 0 700 469 876 990 734 504 15 0 574 0 0 0 801 624 332 126 896 228 613 747 623 0 917 351 198 
0 0 195 366 445 196 495 0 440 509 187 381 222 944 0 0 213 914 391 764 0 0 0 546 739 0 0 0 0 81 872 0 438 652 0 199 973 0 755 822 0 0 517 0 0 0 959 728 393 568 0 0 767 831 0 346 39 154 0 0 168 810 918 923 0 999 0 374 123 653 0 0 753 571 0 0 0 480 0 491 0 0 979 89 321 710 983 0 0 0 175 549 899 104 364 182 0 822 886 692 941 342 167 170 382 708 0 655 0 647 499 0 97 0 804 85 558 0 699 582 214 144 568 0 156 5 792 0 500 923 117 0 0 121 25 993 653 0 635 165 717 51 942 763 0 313 622 701 0 624 336 525 592 319 430 416 302 754 0 44 209 809 549 27 715 396 690 827 0 742 0 968 598 584 631 0 46 872 357 672 761 0 998 0 35 819 0 819 0 890 149 892 148 0 773 0 881 450 976 0 326 0 0 0 247 480 995 0 0 789 655 356 321 782 0 986 979 0 772 520 0 0 232 632 0 801 0 716 444 98 511 365 283 968 775 41 0 255 114 0 43 987 206 0 0 0 930 0 978 0 549 710 543 288 576 445 271 594 570 354 897 904 281 332 865 0 572 0 0 0 505 0 0 480 0 187 766 808 506 0 664 868 158 716 0 105 168 893 901 0 0 807 594 69 934 619 0 330 0 0 
0 0 0 240 36 523 847 247 5 0 846 96 0 481 0 213 0 0 0 359 257 0 0 0 62 156 673 315 484 20 0 0 898 965 412 0 0 0 0 568 0 0 487 0 754 874 305 262 426 741 258 526 515 0 974 723 693 871 23 862 0 0 0 825 908 420 0 0 520 749 374 524 691 0 0 0 422 984 713 560 981 0 113 24 776 255 0 564 812 846 196 7 0 0 0 949 334 0 250 245 235 973 805 976 321 881 752 0 175 904 529 0 471 415 0 0 717 786 0 0 945 779 399 575 388 0 947 364 93 922 0 435 0 858 0 448 258 681 0 827 590 258 599 360 178 473 0 356 0 174 203 768 0 553 547 825 44 68 119 577 997 0 856 0 485 336 75 890 0 402 0 11 907 176 365 940 0 0 340 263 422 987 597 0 749 545 315 473 0 0 0 781 955 832 844 745 253 536 336 393 65 0 0 114 0 820 247 268 336 0 38 0 0 319 723 0 160 0 540 882 0 550 575 402 690 0 803 0 697 415 732 0 280 702 901 289 801 95 0 630 289 233 157 790 0 0 0 916 777 84 0 239 0 355 380 170 718 313 558 528 620 670 0 215 0 0 777 0 141 727 485 729 0 147 745 603 627 0 445 938 669 787 468 785 740 87 0 757 629 574 141 129 621 809 0 0 862 115 152 468 
842 369 0 378 693 32 729 466 0 796 807 44 0 541 80 914 0 0 985 0 917 40 0 990 0 938 218 0 0 684 0 168 957 140 0 0 738 795 476 868 0 646 204 0 0 334 0 457 0 981 115 0 886 5 0 746 0 760 0 985 869 362 692 195 610 780 0 288 0 0 0 915 0 0 556 259 0 445 230 429 0 530 275 0 431 695 0 56 807 111 825 234 617 380 574 0 960 706 285 598 641 0 0 235 972 0 702 123 0 0 47 0 0 0 323 0 352 534 901 0 34 0 0 103 87 0 0 981 92 549 455 907 547 128 101 0 647 0 798 751 397 0 461 338 576 363 612 506 0 0 982 116 12 977 648 0 0 573 0 0 0 830 710 631 0 0 922 0 689 421 91 885 570 119 970 117 687 276 98 0 0 143 585 663 48 0 0 0 0 0 660 0 354 0 0 842 425 0 203 0 0 766 343 579 0 0 0 0 736 0 0 0 0 490 56 0 914 626 908 0 359 559 340 133 112 292 937 311 18 976 0 737 234 0 0 0 0 0 581 0 499 618 818 0 0 240 548 996 879 880 976 0 933 203 857 564 378 0 0 772 0 0 427 182 350 596 325 0 0 496 917 0 462 0 86 813 668 271 0 726 397 453 522 0 633 414 0 758 373 669 184 111 0 0 625 0 672 347 473 700 
0 0 897 0 569 185 0 0 535 0 555 722 179 0 792 391 0 985 0 724 539 793 606 171 0 246 632 141 0 328 57 911 22 545 0 0 995 0 0 0 594 372 0 340 593 594 591 48 123 0 937 850 570 171 622 86 0 816 470 840 178 0 0 690 107 0 0 942 802 893 0 355 309 553 0 0 345 0 664 197 0 618 846 0 0 387 902 657 0 181 0 0 693 950 156 581 0 525 0 601 0 920 0 918 133 774 401 516 0 925 139 330 360 604 655 745 708 121 934 977 376 0 989 618 895 205 1 504 0 0 0 191 63 0 782 0 0 211 393 194 509 51 0 287 29 0 0 565 479 11 280 853 770 822 275 483 44 0 0 38 138 216 432 646 599 85 0 772 772 367 537 652 329 180 668 444 727 0 0 209 45 127 728 593 602 0 695 0 0 492 618 386 769 896 936 813 780 0 746 605 0 988 576 0 715 97 307 75 206 0 0 544 0 675 794 191 454 54 235 0 294 638 391 999 0 358 0 0 690 176 0 229 261 519 0 763 629 226 0 0 0 427 0 873 858 0 665 0 0 0 0 701 587 954 0 874 0 131 0 963 650 0 509 0 178 138 70 993 33 856 0 85 858 0 571 0 691 305 267 454 779 945 0 911 819 0 560 426 829 891 12 74 0 425 14 834 132 0 0 519 
939 125 742 0 177 963 740 0 0 997 54 301 538 663 0 764 359 0 724 0 445 179 0 769 425 352 693 523 465 217 756 34 572 236 857 159 275 296 477 969 469 0 434 31 0 0 879 0 0 0 375 917 0 0 0 602 301 527 0 0 61 536 539 895 884 592 0 573 0 0 583 636 0 0 997 827 981 83 847 933 916 820 452 334 208 0 0 0 847 0 774 0 177 995 0 747 0 840 0 90 718 0 712 953 577 861 624 596 523 806 786 0 862 606 303 443 207 141 344 78 644 837 29 0 0 553 570 759 793 239 450 628 0 844 219 402 0 0 0 0 310 0 0 523 358 803 449 433 0 494 709 0 0 488 0 35 206 846 139 838 0 499 545 0 87 0 0 610 196 145 0 0 0 154 0 124 569 948 891 0 534 241 815 840 255 231 174 0 108 835 826 954 337 331 485 916 339 413 764 564 0 0 357 24 335 911 0 347 279 73 862 0 284 779 0 935 100 646 0 88 792 134 256 456 198 853 981 0 453 510 947 456 538 687 0 0 0 247 659 160 0 963 40 117 0 669 0 18 39 477 253 0 0 701 0 722 0 405 0 0 0 0 0 184 0 0 355 176 0 657 82 0 524 44 0 152 0 0 0 602 693 0 295 740 0 687 795 603 681 0 645 0 150 947 962 0 0 6 0 0 
62 0 214 0 0 271 991 292 523 221 959 0 489 170 708 0 257 917 539 445 0 873 723 0 576 0 955 0 296 933 0 758 816 824 0 435 287 938 209 0 196 0 0 50 71 183 0 7 64 336 0 164 980 762 8 396 0 0 374 787 448 91 0 479 189 0 966 0 653 958 0 171 0 841 684 513 545 56 329 21 2 781 129 552 736 967 628 0 286 0 362 126 0 942 0 0 817 702 0 601 723 840 0 657 901 0 782 631 0 0 791 0 862 882 567 546 764 0 0 0 0 993 798 134 721 717 0 563 962 698 143 0 0 0 265 406 710 0 291 87 316 0 0 532 304 0 0 817 75 398 0 578 490 407 0 0 569 0 746 0 405 451 167 374 358 0 0 0 297 0 0 810 0 0 849 289 0 869 343 183 531 0 0 224 449 562 825 25 685 44 0 464 659 0 712 774 775 12 0 50 801 1000 532 178 0 879 0 0 0 982 863 666 271 501 990 369 522 0 883 140 208 234 301 153 688 400 2 0 604 609 629 131 304 576 280 896 439 267 0 349 700 878 94 516 0 460 821 451 819 4 447 517 949 0 0 503 0 153 440 0 0 981 0 0 319 719 720 949 676 0 0 525 432 239 377 683 347 0 0 595 87 705 78 21 62 485 880 451 0 115 610 0 0 616 554 385 258 111 891 319 
999 876 0 0 0 0 0 752 0 865 915 0 0 226 746 0 0 40 793 179 873 0 768 986 690 12 666 126 0 583 0 81 0 0 958 593 453 285 956 0 985 0 0 0 0 866 0 908 18 309 821 0 0 800 414 981 338 172 0 512 0 0 748 572 821 525 924 503 111 595 96 0 870 489 0 0 582 0 0 336 25 405 0 157 607 312 245 197 0 331 667 130 983 894 329 468 0 178 498 0 377 994 0 694 751 830 566 0 0 223 282 430 642 0 0 363 475 257 71 818 879 0 580 64 559 974 817 300 814 0 398 0 734 728 0 994 676 365 756 874 718 156 472 984 49 914 838 699 124 0 865 435 0 308 320 97 0 0 81 238 0 204 134 0 517 330 770 0 531 881 586 253 0 914 687 0 266 507 186 485 818 731 37 0 0 0 907 198 0 445 0 0 341 789 0 46 0 376 276 148 0 0 0 473 0 0 874 561 993 357 775 746 876 900 166 259 34 713 537 0 0 52 453 667 175 155 940 639 411 0 262 264 544 0 0 76 0 0 0 951 265 591 841 0 747 214 798 0 858 874 0 0 0 692 678 900 226 960 324 169 384 0 981 0 343 212 0 658 0 160 670 676 98 0 155 831 800 0 217 731 133 786 809 475 0 947 0 390 334 0 660 416 856 0 507 364 579 0 0 0 
558 482 98 264 0 315 0 0 0 827 675 767 0 217 0 0 0 0 606 0 723 768 0 934 590 635 49 236 0 0 416 0 723 0 0 178 270 970 0 778 0 287 717 965 775 134 72 0 208 200 12 555 0 475 817 827 890 777 0 887 649 0 987 973 0 662 273 0 0 0 0 122 522 211 108 826 0 649 884 0 0 46 174 625 0 78 465 0 80 0 258 990 0 0 107 0 0 0 0 0 545 10 304 483 373 694 7 0 0 0 97 684 781 255 881 12 29 586 347 0 923 0 0 20 670 0 414 820 109 389 404 0 391 31 0 0 989 143 138 0 379 985 449 317 522 0 286 171 268 164 383 82 192 277 738 716 171 573 0 383 895 315 897 627 806 357 843 532 384 1000 0 473 788 19 509 61 767 181 0 297 111 539 287 549 701 288 83 0 55 392 919 342 0 293 871 479 0 474 369 76 45 0 382 195 982 363 968 282 0 415 948 746 291 249 29 639 189 0 714 576 690 0 279 264 503 356 113 1 0 0 383 190 677 135 817 58 0 788 639 0 739 220 147 202 838 137 0 0 533 409 0 0 169 643 0 358 991 0 0 430 531 163 439 0 935 0 695 997 877 502 489 0 802 830 0 0 549 782 0 0 333 605 285 0 895 0 492 381 783 956 0 877 182 0 423 700 400 756 0 629 
175 0 352 940 330 881 349 796 688 98 90 842 0 27 141 546 0 990 171 769 0 986 934 0 86 847 302 282 0 0 712 400 0 300 661 0 0 0 0 816 936 238 0 0 0 233 0 206 0 0 999 423 716 934 0 332 194 561 574 708 0 965 211 240 321 0 324 4 96 810 0 0 0 0 188 500 734 198 871 22 658 751 0 674 500 0 14 0 0 926 756 974 848 0 204 372 844 845 390 152 152 702 210 628 331 51 342 0 858 220 0 859 670 0 0 0 522 954 716 531 0 141 346 0 456 736 328 903 0 508 519 0 0 747 494 6 590 675 282 689 0 972 660 0 149 849 842 601 0 316 610 388 630 703 96 0 294 750 9 0 0 770 866 162 353 0 0 839 0 0 701 0 3 0 957 0 465 303 0 418 274 187 83 873 0 880 11 0 550 680 512 0 0 147 620 798 376 370 15 426 743 696 0 795 0 918 0 0 42 368 919 211 0 0 0 0 0 173 976 776 998 0 123 732 560 439 294 550 391 813 92 805 26 737 208 463 954 317 0 6 0 0 0 180 124 885 475 395 684 878 0 384 516 246 958 0 845 880 591 299 0 694 558 631 810 0 249 709 0 203 201 655 35 858 164 0 31 212 82 464 816 695 493 0 438 0 298 0 132 0 0 0 820 345 0 791 0 0 336 442 
0 849 873 760 268 0 579 890 138 549 951 634 670 0 99 739 62 0 0 425 576 690 590 86 0 732 352 748 38 0 663 507 0 773 486 532 25 517 666 117 713 853 0 0 0 0 0 750 736 632 476 0 304 899 0 0 0 0 199 546 0 745 397 211 734 426 860 267 26 305 840 238 0 439 0 5 0 113 756 0 0 0 492 0 0 686 286 611 0 0 258 0 952 0 820 0 142 179 14 113 339 0 0 645 954 562 214 504 597 240 0 8 611 350 309 524 0 954 712 777 310 56 858 0 0 22 626 703 0 871 500 49 0 0 840 970 19 284 0 215 0 77 950 669 0 510 629 605 856 0 746 0 324 563 101 403 646 378 136 449 0 0 0 885 656 164 767 607 0 502 866 479 32 632 164 0 0 413 412 923 0 0 222 0 0 0 288 362 636 0 0 0 0 960 759 807 0 300 0 37 844 0 121 672 0 916 499 0 901 183 0 582 6 0 790 688 0 0 0 539 490 534 467 267 810 222 0 0 0 840 263 68 0 0 126 0 653 0 841 415 390 0 0 205 517 0 312 157 517 128 154 897 0 230 239 0 799 624 212 145 0 121 0 325 899 56 289 457 440 601 0 0 989 921 1 349 659 0 830 0 0 368 591 0 387 835 148 0 0 0 533 672 449 971 0 750 501 488 827 738 
291 0 775 120 827 0 0 414 941 638 398 408 415 100 764 0 156 938 246 352 0 12 635 847 732 0 790 593 0 744 687 521 526 772 311 465 0 0 678 710 0 0 99 71 0 870 0 504 646 0 753 5 212 628 46 143 0 0 138 0 0 403 420 522 0 912 218 0 923 96 673 0 552 0 269 720 0 336 951 6 880 0 786 503 690 0 239 0 194 567 882 57 779 0 0 792 971 80 418 0 693 0 16 0 0 512 0 502 631 0 506 0 118 0 661 0 0 184 907 0 0 0 974 0 189 388 0 0 0 270 982 766 59 787 0 348 0 56 730 983 0 0 136 0 792 117 438 288 0 172 370 630 878 606 498 0 0 573 577 954 323 733 625 161 226 0 258 0 162 881 792 672 0 705 411 0 759 872 0 830 701 607 0 0 346 0 0 0 442 762 639 377 0 840 931 418 412 0 0 224 0 522 408 636 0 0 383 984 146 0 0 0 89 0 0 566 0 974 0 197 944 0 0 304 947 441 204 831 0 365 0 150 202 0 841 0 560 0 415 0 577 561 633 680 106 456 0 267 0 0 0 94 673 963 439 683 77 0 421 573 0 62 128 840 542 23 400 454 480 0 642 52 0 915 922 0 665 216 435 761 984 961 0 0 511 925 0 995 563 835 461 620 282 832 0 0 284 406 343 985 
187 733 322 0 0 401 480 907 0 108 362 0 898 630 0 0 673 218 632 693 955 666 49 302 352 790 0 813 764 312 747 948 882 0 595 0 25 844 312 0 0 0 0 0 129 406 963 608 0 403 550 0 585 225 347 483 748 362 0 639 159 0 0 561 508 0 652 825 917 851 80 0 328 89 0 0 0 690 850 470 586 674 0 100 355 575 779 86 586 442 0 0 139 647 0 6 881 845 933 216 601 375 831 232 788 452 670 945 96 418 0 278 425 558 599 0 151 860 0 832 967 0 0 453 937 0 0 983 392 571 0 543 0 468 645 0 0 0 0 132 789 562 752 778 0 268 228 896 491 0 964 536 755 0 98 594 913 826 444 881 179 557 0 376 353 416 936 52 0 0 394 450 129 137 821 0 268 0 802 768 615 0 292 0 329 692 0 0 0 286 0 422 0 523 0 906 677 146 238 952 704 651 122 0 989 910 149 530 720 855 566 0 200 0 0 723 219 0 87 0 862 989 0 564 0 220 949 905 535 344 0 346 0 0 946 815 26 508 587 0 862 846 0 817 0 0 241 0 793 0 702 0 215 319 534 694 271 42 46 1 0 584 886 532 0 93 129 0 327 307 391 713 609 0 249 884 828 758 738 721 0 311 597 49 0 174 948 729 0 725 9 0 234 318 578 860 375 520 409 642 
847 978 0 0 130 663 0 407 0 398 601 0 569 600 887 0 315 0 141 523 0 126 236 282 748 593 813 0 241 860 953 501 0 685 519 395 787 312 0 778 966 0 227 112 17 0 547 547 876 0 934 531 425 753 105 103 196 723 0 0 0 248 0 204 731 825 0 0 939 363 543 255 779 729 740 834 0 754 893 875 38 920 0 433 88 0 374 592 230 645 611 977 0 0 521 958 366 0 0 69 960 812 559 0 0 665 836 74 707 336 225 572 213 633 1 0 81 0 0 0 0 617 827 152 192 9 283 0 713 601 931 0 269 0 722 768 794 659 0 451 322 436 188 805 899 710 36 624 164 849 978 0 423 135 34 220 0 418 0 0 478 274 969 877 543 241 395 13 677 42 0 199 2 723 779 454 130 128 906 188 0 0 0 13 135 900 727 147 0 776 0 0 881 603 716 0 947 532 359 422 0 0 0 448 414 0 124 290 0 241 538 819 8 52 663 656 472 0 0 216 241 0 835 484 228 333 895 219 331 431 39 0 0 0 0 277 793 428 739 0 121 621 0 65 924 998 91 0 153 0 112 0 393 937 0 214 535 337 311 694 803 473 0 841 574 465 253 908 601 452 0 516 0 816 0 829 608 0 515 0 363 79 0 450 31 0 643 929 963 245 0 0 801 162 977 552 139 0 0 0 
0 507 717 0 216 0 94 17 0 609 50 0 563 0 375 0 484 0 0 465 296 0 0 0 38 0 764 241 0 568 940 184 273 0 0 123 116 75 577 663 545 142 592 518 189 927 0 0 76 287 443 0 40 0 795 0 992 401 748 928 0 499 0 217 997 233 251 802 467 510 535 258 0 0 0 258 989 0 313 697 0 415 772 0 217 983 116 0 128 500 705 0 5 156 213 768 0 0 0 420 0 243 972 903 0 112 643 237 996 31 0 982 139 0 0 614 143 722 548 153 317 119 77 35 35 0 945 0 72 0 436 605 790 0 671 0 80 951 202 751 448 0 0 144 0 142 0 0 0 461 490 893 325 0 895 133 0 433 0 809 742 0 734 78 628 379 57 0 0 0 0 695 122 652 0 794 720 141 0 282 0 512 446 587 0 877 254 0 889 160 945 283 374 0 196 747 569 0 790 530 646 0 562 47 832 588 522 0 611 834 0 716 0 908 750 372 646 547 0 0 986 919 311 0 982 878 18 693 0 319 919 383 0 15 556 798 669 247 212 423 571 749 0 883 0 0 111 187 773 297 840 0 0 100 641 108 817 0 892 8 0 0 186 0 0 124 0 0 39 485 0 818 327 228 738 528 44 950 0 574 50 127 830 807 435 0 237 257 220 101 0 371 224 717 248 291 429 188 796 892 
0 223 786 53 29 894 0 0 0 0 347 436 13 0 410 81 20 684 328 217 933 583 0 0 0 744 312 860 568 0 740 34 418 70 592 22 488 723 978 446 0 829 140 104 0 663 742 423 0 0 0 347 378 0 93 695 0 5 220 694 325 92 250 0 504 149 473 468 607 0 892 595 320 0 434 95 446 669 0 615 356 426 481 206 70 82 473 27 635 0 0 9 0 422 831 688 0 0 378 535 138 167 867 512 0 620 405 0 0 245 955 930 0 403 569 615 8 450 0 753 174 0 19 222 0 283 347 639 0 44 0 8 186 0 96 948 713 781 0 0 678 246 38 0 996 468 124 0 0 0 825 36 665 824 43 642 387 142 121 0 884 786 403 862 0 781 737 585 974 0 3 37 433 0 0 601 0 0 0 141 326 370 0 0 0 51 888 0 862 504 739 570 643 0 0 0 0 0 50 0 924 333 482 0 81 137 0 0 423 842 0 229 765 996 976 379 0 46 112 384 295 0 0 490 0 722 371 142 692 691 0 0 312 441 283 239 654 20 565 881 432 895 0 449 60 0 676 323 410 182 141 0 871 811 416 0 748 0 306 0 0 685 677 0 22 862 0 972 0 283 56 840 503 0 0 28 223 0 521 0 600 382 152 670 0 651 872 901 190 795 0 405 665 64 0 0 0 0 0 272 
676 343 769 0 629 594 350 205 678 191 0 968 0 872 0 872 0 0 57 756 0 0 416 712 663 687 747 953 940 740 0 799 914 616 0 537 0 620 386 886 0 66 821 234 0 873 495 0 473 960 612 0 0 517 583 926 628 704 667 494 0 0 11 123 551 505 55 939 0 15 478 640 143 502 0 246 586 388 0 0 0 0 0 733 33 161 0 0 576 0 643 0 919 921 0 128 0 716 0 0 614 415 0 920 248 628 0 0 0 241 447 305 0 315 355 510 0 643 511 811 754 472 856 0 900 93 117 956 306 164 973 0 500 889 409 543 320 882 908 642 0 587 239 162 724 336 404 47 515 172 784 907 0 0 0 881 186 85 0 929 97 711 339 106 0 0 290 573 0 0 0 813 781 0 276 333 0 95 620 0 880 591 0 0 586 0 170 0 793 979 0 0 81 250 0 631 43 972 0 758 0 269 224 968 0 25 33 274 940 0 642 944 933 922 418 0 533 0 0 0 614 663 901 729 938 291 0 390 148 296 916 586 853 255 0 0 0 980 928 0 225 0 674 771 210 0 422 0 512 0 0 167 0 742 0 568 497 597 102 409 857 0 45 0 119 601 0 129 0 740 182 516 901 0 35 643 715 0 485 74 578 78 0 778 587 0 17 211 633 591 253 942 282 346 129 244 75 0 335 182 
0 431 237 292 971 464 0 935 147 562 312 0 115 491 848 0 0 168 911 34 758 81 0 400 507 521 948 501 184 34 799 0 0 0 81 0 0 0 610 693 0 0 747 0 730 790 172 919 281 961 473 551 364 798 0 813 0 885 983 53 649 0 39 173 487 119 0 426 249 0 664 972 821 688 573 0 410 0 970 0 948 657 0 395 0 80 530 973 0 396 0 978 916 0 545 145 0 107 507 0 0 592 351 226 39 845 918 112 27 0 361 285 0 952 751 193 0 0 0 952 102 75 801 739 0 0 123 235 770 0 73 0 803 0 940 0 0 892 954 627 110 655 809 0 19 0 984 0 0 0 359 291 0 225 0 465 0 548 298 2 348 477 151 0 0 383 668 340 185 130 102 86 201 269 54 945 208 0 329 902 832 921 435 0 0 300 181 906 346 0 235 843 15 973 145 0 0 827 878 23 0 765 769 0 960 178 804 0 192 404 536 711 262 820 69 743 862 618 227 171 112 146 746 6 719 846 278 0 46 358 0 617 666 0 213 975 914 0 0 331 991 623 180 465 942 39 0 828 48 240 476 506 89 27 0 96 893 508 373 1000 0 0 502 478 227 874 149 860 753 491 0 925 199 255 570 36 0 679 64 0 876 994 149 661 899 234 906 569 751 114 351 0 0 251 853 524 236 330 41 437 
777 0 659 960 292 494 582 0 0 279 0 271 896 0 171 438 898 957 22 572 816 0 723 0 0 526 882 0 273 418 914 0 0 707 0 559 0 226 821 674 137 122 174 0 610 0 0 926 0 537 0 0 83 0 0 107 0 0 691 0 731 471 0 444 904 413 392 0 94 671 946 118 758 0 384 150 715 76 0 580 290 575 700 0 433 969 969 566 208 912 280 0 0 640 0 282 0 0 43 989 415 0 250 608 0 447 0 0 726 124 208 0 0 158 0 154 136 802 0 659 0 437 682 467 581 963 765 214 213 919 892 0 767 228 931 321 0 252 374 0 0 0 810 304 556 0 0 181 402 473 0 936 417 195 0 335 468 124 0 0 68 949 166 1 703 0 0 0 186 0 956 259 188 506 0 279 261 697 110 780 509 0 573 485 726 135 0 768 0 126 364 31 484 178 696 267 222 408 709 0 138 545 0 418 422 0 0 0 0 218 41 268 793 857 0 628 193 0 669 346 162 70 148 0 0 693 545 0 563 495 636 25 0 693 530 0 0 28 0 4 855 584 499 480 161 680 0 202 0 250 703 215 152 118 962 0 576 902 719 45 910 382 0 262 564 53 915 713 0 304 32 705 257 461 260 0 0 818 685 383 213 580 233 702 0 0 487 344 705 0 450 296 865 415 843 0 913 973 596 71 
472 938 962 706 97 0 0 883 0 729 0 0 139 0 0 652 965 140 545 236 824 0 0 300 773 772 0 685 0 70 616 0 707 0 209 0 230 224 47 0 988 0 1 0 0 307 589 333 573 248 960 604 96 0 777 754 852 933 0 804 899 56 333 0 0 0 791 950 0 0 87 0 0 275 0 798 997 174 0 226 109 887 752 0 312 101 0 0 373 220 295 0 227 363 0 0 0 505 0 228 0 228 304 0 651 0 719 565 172 405 0 164 324 340 123 954 368 688 0 399 600 992 921 842 0 827 274 696 357 0 0 645 313 0 285 0 888 850 0 0 0 115 358 24 276 748 250 0 483 312 0 877 882 440 0 0 393 845 157 460 406 27 0 0 226 728 277 676 167 62 552 17 280 0 24 602 0 81 337 541 855 176 0 470 724 90 291 0 561 0 823 0 0 785 94 873 149 558 0 46 86 0 0 703 0 3 696 0 410 277 0 0 0 0 791 750 999 0 726 0 586 949 213 0 708 828 0 276 701 574 983 0 878 0 0 66 484 941 808 701 586 464 86 789 258 0 0 0 443 0 39 0 789 576 593 203 209 0 251 992 919 0 171 0 0 953 0 0 910 614 47 0 673 0 236 226 0 989 0 870 604 926 861 958 0 67 492 484 0 820 945 914 0 331 0 0 0 848 408 313 
885 0 0 420 834 615 946 668 0 20 647 459 101 136 423 0 412 0 0 857 0 958 0 661 486 311 595 519 0 592 0 81 0 209 0 955 526 389 653 324 950 0 364 312 662 974 963 0 0 0 519 28 554 0 0 410 901 0 353 0 528 0 0 0 533 0 0 0 508 505 0 0 389 0 262 59 467 0 318 634 677 610 0 770 295 0 627 0 439 0 873 0 310 346 362 109 372 759 0 671 0 0 491 0 0 0 59 645 914 38 0 741 890 767 123 814 732 38 231 599 817 0 192 558 0 0 854 96 0 934 746 0 0 88 272 0 584 0 0 988 415 448 157 0 967 662 965 46 446 502 666 148 60 0 0 369 0 0 978 0 940 780 0 161 0 656 104 923 391 778 358 622 0 0 497 47 88 13 989 410 163 804 738 642 922 534 822 0 742 260 826 839 592 90 397 0 915 0 874 722 474 900 206 110 867 529 818 0 141 79 86 0 297 653 820 0 845 942 262 925 263 824 926 541 589 0 986 741 853 0 0 0 626 0 156 0 611 34 0 320 301 0 836 0 273 64 0 476 413 194 704 43 925 708 677 938 797 0 276 0 304 216 118 413 466 880 0 380 0 0 605 569 248 587 714 0 968 490 0 201 0 916 0 468 673 352 837 0 958 955 52 0 860 608 0 640 312 0 847 213 
0 470 752 973 350 914 0 867 872 491 917 0 0 641 0 199 0 0 0 159 435 593 178 0 532 465 0 395 123 22 537 0 559 0 955 0 625 314 0 387 0 298 311 545 334 272 524 0 68 719 25 0 0 0 0 0 59 790 352 612 0 0 0 0 33 717 72 387 0 0 234 945 0 0 905 44 111 423 962 19 0 20 0 0 202 0 490 752 67 0 853 0 419 149 415 0 811 142 0 0 907 531 0 698 0 939 281 677 33 463 0 840 0 333 0 12 855 137 0 943 949 380 205 305 0 0 375 359 554 181 0 0 0 0 41 626 556 908 0 0 503 453 142 0 513 114 288 951 536 0 329 568 0 572 752 0 769 0 0 0 0 786 881 568 263 76 793 0 0 0 673 214 14 0 503 897 0 305 0 959 0 682 864 672 550 83 390 808 0 995 272 0 722 453 381 0 216 953 338 720 536 966 886 139 0 497 46 0 85 332 632 581 705 0 313 963 538 150 758 0 408 846 0 121 296 90 0 312 693 0 0 844 0 742 672 0 976 284 0 467 811 28 640 0 0 296 0 0 0 243 98 441 641 458 0 0 0 480 525 0 327 249 15 173 703 693 17 0 323 0 954 0 0 646 651 144 530 975 0 0 0 715 358 441 0 81 864 0 0 765 0 0 430 69 709 947 0 0 222 757 
283 709 0 0 947 618 0 738 788 249 0 998 125 900 539 973 0 738 995 275 287 453 270 0 25 0 25 787 116 488 0 0 0 230 526 625 0 0 0 879 0 249 474 785 0 904 653 0 386 0 428 687 883 929 684 13 927 85 0 720 906 577 749 0 499 178 0 995 727 310 0 423 0 10 71 569 305 594 801 333 990 0 840 0 564 0 987 0 0 670 843 654 912 907 442 328 200 0 149 914 0 889 75 635 85 0 109 0 0 161 632 131 0 881 0 430 0 0 346 0 869 550 694 230 866 826 948 349 720 549 113 29 0 101 692 0 684 0 136 648 0 21 406 813 0 0 743 0 282 851 851 372 448 213 0 467 0 765 0 608 322 693 0 0 446 889 0 115 365 575 913 20 0 0 505 656 0 907 679 189 404 353 0 724 624 753 792 0 648 668 627 320 16 150 429 715 140 115 533 0 315 256 0 0 948 82 289 310 0 989 492 143 0 0 849 0 44 469 800 924 417 215 0 502 206 0 686 317 700 708 0 0 0 0 835 252 991 346 568 0 0 467 761 124 0 0 345 882 853 0 436 778 755 244 0 300 251 0 509 0 170 730 142 113 0 0 445 0 0 856 891 429 0 418 235 60 53 0 747 445 446 118 801 816 605 133 0 434 0 575 860 590 172 222 78 0 599 187 724 650 
527 813 372 346 435 0 0 675 0 0 0 34 348 0 0 0 0 795 0 296 938 285 970 0 517 0 844 312 75 723 620 0 226 224 389 314 0 0 263 738 383 65 744 208 83 9 0 0 0 955 664 922 0 0 291 307 0 0 0 0 0 0 797 0 0 0 229 481 0 854 791 0 691 755 112 373 790 0 249 137 594 440 0 882 171 154 304 196 740 0 677 0 512 887 510 0 447 0 707 96 0 282 0 0 0 130 895 211 130 0 20 872 424 363 845 0 39 248 700 0 241 0 527 70 0 0 0 959 0 759 432 794 116 0 0 426 110 196 0 480 541 83 736 360 74 229 364 0 0 37 0 0 889 627 115 0 920 0 0 660 0 102 465 402 385 67 522 927 839 0 812 0 776 0 0 713 0 918 161 571 199 159 0 704 532 0 6 359 290 0 153 820 135 11 0 9 0 0 126 0 0 0 634 446 0 0 0 565 0 0 52 776 969 650 387 582 882 0 598 488 0 999 0 728 804 278 205 715 0 0 428 503 829 0 0 0 0 537 302 941 210 12 771 284 247 312 0 206 0 0 960 0 377 0 0 618 218 347 0 0 783 208 256 451 644 952 486 852 0 778 894 399 51 249 0 668 557 547 0 13 484 235 0 541 825 850 0 823 0 639 715 0 331 0 0 76 97 0 947 0 
86 161 0 848 125 0 116 794 540 878 452 654 0 843 353 755 0 476 0 477 209 956 0 0 666 678 312 0 577 978 386 610 821 47 653 0 0 263 0 0 790 153 508 0 989 533 913 483 907 527 71 419 884 913 0 881 0 458 109 0 234 0 522 684 0 868 461 0 364 880 973 0 910 623 113 0 802 361 393 560 533 0 0 0 260 955 860 341 478 779 0 731 169 0 597 242 291 84 468 209 0 0 750 439 117 639 0 219 0 82 0 346 251 19 0 430 0 252 0 832 0 891 759 0 751 154 209 434 0 0 226 477 182 177 745 961 789 474 339 531 452 869 854 978 49 972 361 373 153 498 754 539 0 19 558 716 557 448 295 714 0 708 296 0 0 0 298 0 622 0 224 885 316 81 0 643 107 0 534 937 6 841 988 615 0 790 0 753 959 0 292 335 836 0 326 419 0 364 216 0 242 282 943 459 0 658 923 872 425 583 779 633 0 814 0 0 362 699 139 954 79 0 640 246 0 0 0 0 611 445 0 229 307 0 947 892 0 513 579 477 0 516 573 0 0 565 0 392 0 0 679 247 297 764 832 0 350 623 0 451 147 170 856 250 921 0 860 707 595 0 386 358 335 876 647 0 625 722 113 242 664 786 40 0 475 584 758 0 0 0 515 422 44 0 915 0 56 0 0 980 
180 229 556 0 880 965 961 318 0 138 726 842 450 562 513 822 568 868 0 969 0 0 778 816 117 710 0 778 663 446 886 693 674 0 324 387 879 738 0 0 0 408 39 0 0 154 0 388 0 105 0 0 8 488 58 376 0 685 0 0 348 0 88 904 0 314 794 391 894 515 600 312 0 89 428 451 240 74 165 999 0 0 0 634 0 258 0 35 655 358 529 887 0 555 90 657 0 392 947 546 86 1000 933 0 0 476 631 75 381 371 772 420 0 0 583 442 550 442 0 484 0 554 979 0 478 460 333 914 961 592 704 202 185 344 0 660 951 1 916 772 561 440 0 969 0 830 0 347 600 0 97 822 0 0 451 262 296 434 100 0 221 0 0 373 635 536 0 362 0 380 698 0 560 713 888 0 335 734 768 681 656 342 0 0 595 0 545 0 84 885 795 87 0 883 0 0 996 0 115 0 395 88 0 117 0 671 15 0 77 329 777 0 154 0 626 747 967 435 0 412 0 355 173 726 960 46 0 779 706 607 0 0 172 0 204 626 603 590 902 758 981 610 443 703 846 342 259 0 0 822 337 0 233 924 340 901 490 962 119 681 0 0 0 64 630 369 560 180 972 0 384 770 141 631 0 327 773 385 227 258 789 0 0 888 0 203 110 813 864 361 958 420 0 413 0 0 667 0 669 0 
