250
0 253 605 355 836 916 437 0 854 876 0 0 997 474 982 408 168 277 0 986 391 0 0 0 363 730 0 396 39 128 567 193 0 0 211 568 911 0 358 50 475 818 0 307 0 0 0 0 752 971 508 438 598 0 0 207 244 0 0 212 0 0 0 0 453 0 314 426 353 795 326 871 902 82 895 408 200 250 529 0 0 0 828 339 84 0 135 0 39 236 206 894 242 0 663 894 0 959 54 827 0 330 585 962 410 0 0 486 123 428 349 920 0 0 0 751 0 482 0 991 656 550 0 0 992 375 705 140 0 677 0 0 482 879 21 0 553 0 786 665 0 0 623 0 407 378 726 23 231 862 0 915 357 563 0 0 679 562 490 0 0 98 0 0 338 0 606 683 700 874 231 688 575 0 714 742 958 254 882 63 0 364 623 245 523 968 0 375 308 0 245 90 731 570 0 0 0 100 0 68 727 112 658 0 668 638 936 255 136 929 777 504 0 0 873 0 0 0 0 177 274 969 0 294 0 0 0 178 398 13 349 0 129 0 552 122 632 996 516 207 0 0 203 662 597 0 0 0 555 341 
253 0 218 400 999 0 0 546 455 296 966 553 512 0 128 625 549 0 960 527 841 0 1000 1000 424 833 43 0 193 546 0 926 647 204 0 0 87 150 258 423 324 505 704 726 423 0 573 0 386 535 676 415 932 0 0 0 389 903 330 0 59 0 930 0 588 917 128 945 0 0 611 406 192 0 0 831 843 215 217 240 923 0 0 0 0 798 542 0 0 368 874 66 116 800 0 193 621 868 0 279 0 682 0 892 0 0 0 155 232 0 760 945 738 520 223 742 0 0 700 0 0 0 990 409 912 0 865 41 0 467 762 0 0 694 0 379 749 876 0 941 0 21 435 651 0 626 142 383 195 414 253 524 0 738 68 378 783 137 480 0 776 331 0 409 771 846 0 523 322 0 0 16 0 6 0 0 335 314 0 261 0 643 0 915 122 834 341 66 72 428 36 787 0 0 0 983 0 938 892 143 100 51 453 2 590 638 390 76 0 593 113 0 310 0 0 30 0 0 0 0 525 757 770 310 637 94 368 659 53 600 625 581 0 492 480 61 0 441 492 894 916 173 240 653 90 619 0 0 0 940 
605 218 0 839 0 767 0 328 677 202 0 951 0 868 0 961 754 268 15 378 270 0 0 473 145 0 144 650 553 221 978 584 403 865 0 0 0 0 0 0 0 719 963 0 575 667 760 346 601 0 0 255 815 656 295 0 0 643 342 0 0 601 0 917 722 696 0 955 0 864 4 0 0 0 205 87 0 0 277 749 444 457 3 44 791 0 393 607 0 0 0 602 0 68 0 0 324 0 680 0 26 854 248 718 0 0 924 0 973 957 0 0 0 88 987 472 461 773 0 628 0 0 384 0 0 0 537 0 896 96 0 878 469 0 822 899 850 0 0 281 0 0 327 994 544 0 0 504 542 151 119 739 663 420 0 656 690 0 123 0 996 0 427 0 637 67 0 341 751 0 596 0 794 410 0 628 0 161 0 0 266 929 516 0 900 0 725 437 0 0 0 809 0 954 530 0 285 0 463 0 936 528 0 0 0 430 111 0 0 869 791 0 642 0 0 749 104 0 288 324 502 833 587 799 152 0 205 124 496 244 418 922 290 507 835 675 731 0 765 0 0 1000 722 0 625 103 0 235 615 221 
355 400 839 0 798 13 643 0 895 0 0 26 189 264 0 0 577 846 983 0 0 0 971 714 0 909 675 888 477 0 0 670 0 0 323 0 993 10 0 953 810 27 432 217 0 0 645 789 0 916 153 574 171 378 0 686 711 0 187 370 235 0 366 846 0 0 140 0 787 513 837 0 0 27 895 326 805 812 497 195 0 0 118 0 0 919 0 0 149 859 469 483 0 457 593 332 0 929 442 0 732 970 26 434 234 223 0 0 999 508 512 0 838 666 0 957 233 605 836 639 0 234 0 779 0 396 150 580 0 0 0 0 191 728 640 0 0 383 95 730 602 0 753 782 0 0 0 870 451 330 396 686 671 0 0 544 790 905 733 321 0 209 205 0 983 816 0 70 0 0 0 0 0 0 0 0 367 630 815 965 0 94 831 218 0 318 0 881 211 777 424 177 998 199 0 106 762 431 0 444 816 780 321 207 654 0 694 172 966 811 287 902 441 0 888 693 831 220 466 446 206 605 251 708 140 562 0 0 0 152 718 732 124 677 411 250 0 469 847 555 387 720 358 621 142 829 540 244 327 763 
836 999 0 798 0 418 0 253 24 270 143 0 0 239 956 259 374 0 26 557 205 529 0 191 0 483 717 0 0 185 322 0 951 952 454 466 251 755 50 44 0 121 132 0 0 870 0 153 0 946 0 805 782 0 54 939 129 258 0 305 0 723 774 675 411 0 561 916 0 8 0 81 0 0 195 0 851 0 975 0 874 589 192 0 163 932 359 828 900 0 0 971 687 418 563 50 758 59 80 817 0 851 339 483 58 304 75 921 0 0 0 800 0 0 720 252 416 100 0 0 174 0 853 533 747 0 1000 0 812 0 237 964 157 0 988 519 287 0 127 814 441 0 356 460 791 989 809 0 0 0 0 914 80 325 389 426 69 361 0 0 0 140 40 994 81 682 0 0 426 112 635 0 926 0 238 0 183 279 69 992 86 0 598 960 331 0 0 462 590 810 0 344 0 0 995 0 230 954 988 834 752 0 0 79 213 273 388 0 1000 0 506 240 0 556 0 406 915 868 0 0 361 0 154 566 0 0 10 214 0 0 637 558 801 932 654 187 922 893 170 252 0 410 555 0 0 131 661 644 455 644 
916 0 767 13 418 0 85 0 478 827 481 0 640 0 566 650 737 414 377 0 323 516 797 83 135 554 0 0 905 0 520 0 238 135 940 265 834 2 313 0 0 0 0 0 606 798 0 198 658 332 968 0 0 158 593 241 736 491 817 195 158 0 654 513 0 251 526 337 391 176 899 0 0 874 828 0 616 0 830 128 432 748 769 142 0 0 589 890 912 124 205 0 845 0 398 186 787 710 728 960 445 199 91 722 0 136 750 94 897 933 0 520 525 17 953 475 656 583 996 93 785 0 0 364 585 0 693 890 753 595 0 404 440 186 0 0 32 0 692 919 654 325 0 282 737 177 483 359 125 0 85 190 731 75 841 604 447 576 1 7 0 185 0 0 214 122 418 672 841 499 960 0 314 50 621 530 0 612 288 1000 748 96 203 0 0 0 0 0 611 975 0 0 360 0 626 650 875 68 307 0 674 794 446 909 961 621 916 692 0 379 642 0 0 82 788 510 42 409 77 0 856 572 291 718 794 781 659 923 0 454 0 0 56 0 707 253 165 0 500 0 0 776 762 0 877 217 0 0 680 0 
437 0 0 643 0 85 0 938 851 0 379 0 784 221 194 0 826 0 0 0 450 0 891 0 760 0 124 440 0 0 865 448 534 0 224 0 0 658 586 805 264 0 780 231 79 0 655 0 218 16 987 672 105 0 0 442 0 58 693 0 502 563 130 920 122 906 0 899 0 0 0 367 0 964 499 0 0 436 114 927 485 0 0 105 138 583 975 0 260 741 0 171 188 0 164 592 96 0 930 0 415 0 408 0 724 83 0 540 0 0 38 0 443 480 924 48 715 622 964 748 475 0 484 0 0 412 383 0 0 0 0 0 0 371 895 0 0 746 0 0 0 617 229 772 307 727 0 243 797 444 0 0 417 674 354 503 942 689 435 274 0 144 112 217 0 713 0 433 259 0 0 0 775 0 682 0 0 0 991 508 440 595 449 663 782 0 221 0 0 811 0 892 0 608 0 0 763 303 752 0 558 332 848 455 0 0 0 409 0 590 743 0 0 0 0 27 804 912 510 503 590 715 0 0 0 49 229 107 910 0 511 336 49 0 0 0 43 0 40 594 531 86 587 272 240 354 815 0 0 579 
0 546 328 0 253 0 938 0 0 0 925 0 406 0 0 109 0 726 103 0 0 92 0 471 0 938 381 243 545 838 532 219 103 0 25 377 326 0 108 0 61 661 794 105 44 320 0 321 981 0 644 405 411 601 0 390 0 618 0 0 0 332 375 343 0 766 0 718 382 392 670 163 618 455 87 0 0 897 456 380 0 615 789 993 121 546 250 816 478 986 195 0 701 389 846 537 0 532 955 0 0 0 0 0 0 815 346 562 1000 0 100 0 431 0 202 700 750 698 917 496 0 827 762 87 726 271 15 229 385 688 0 0 0 565 0 523 0 726 546 936 0 916 487 455 0 531 661 0 158 878 404 199 0 328 441 0 0 0 0 634 490 24 655 916 0 970 799 649 817 580 0 0 687 104 0 0 871 0 0 0 848 873 492 588 385 797 0 427 696 259 0 335 557 144 0 477 463 0 88 3 842 793 0 753 0 609 115 639 874 0 0 0 950 359 442 927 193 578 255 0 0 123 405 0 425 498 263 575 815 667 0 744 927 870 210 495 200 989 164 0 99 928 494 296 713 428 0 0 0 499 
854 455 677 895 24 478 851 0 0 489 468 698 0 188 0 0 717 608 34 234 192 41 0 0 203 0 305 305 549 0 333 575 646 111 734 944 755 402 0 0 782 0 0 758 922 0 940 203 919 656 431 0 583 0 0 0 724 831 0 0 950 0 731 326 292 987 0 987 770 666 0 256 0 695 0 713 245 194 0 409 45 632 15 922 0 662 834 3 450 148 0 444 378 796 82 710 429 0 649 570 852 871 910 213 890 391 626 826 202 294 0 864 0 0 663 133 994 71 431 565 766 0 0 349 775 0 2 114 184 982 350 329 105 729 273 217 108 759 620 991 572 0 146 0 972 735 764 636 791 0 0 0 0 0 273 94 128 354 211 0 0 0 829 613 593 737 0 498 923 0 448 573 405 0 692 0 217 0 552 0 521 272 631 711 909 189 674 600 315 63 479 937 0 258 279 759 18 0 937 0 593 0 185 0 711 0 908 355 0 79 586 539 398 618 868 630 479 0 0 850 0 0 53 95 0 319 0 516 0 0 559 373 513 0 313 0 0 483 540 200 944 606 981 110 224 385 472 363 852 379 
876 296 202 0 270 827 0 0 489 0 517 880 934 0 891 775 37 570 597 565 957 134 427 804 0 677 384 0 0 647 143 632 782 711 105 379 175 643 302 997 655 713 723 0 778 675 769 799 0 0 0 335 882 669 897 653 0 0 272 647 219 993 71 0 478 0 778 944 96 48 0 0 820 67 477 525 777 492 0 0 0 611 95 0 268 0 105 416 627 394 0 0 108 0 0 844 0 67 972 649 0 0 979 0 525 0 0 84 0 375 0 0 271 712 0 42 772 361 908 4 393 0 0 849 463 0 188 0 677 762 576 606 0 0 449 0 391 23 191 335 609 206 473 716 0 240 187 727 0 825 77 0 346 761 935 0 751 987 0 983 377 0 0 325 0 735 0 0 0 950 401 333 736 0 341 588 0 389 964 377 793 94 0 238 274 27 383 0 248 232 49 750 910 0 127 423 0 0 0 823 848 0 0 624 636 0 671 574 419 0 551 366 122 147 0 495 852 791 265 952 255 975 473 275 0 91 551 0 52 383 477 878 0 71 0 0 792 498 874 441 123 0 0 0 267 558 908 170 928 72 
0 966 0 0 143 481 379 925 468 517 0 217 927 0 0 0 0 610 173 846 0 160 226 945 171 0 135 286 0 685 287 114 0 707 0 238 0 0 0 956 321 494 158 990 910 738 0 0 32 535 0 529 236 0 0 639 467 670 76 91 0 0 844 254 644 0 103 600 607 0 334 379 553 255 394 0 494 355 0 0 608 0 220 28 0 0 929 246 346 0 48 304 198 461 0 637 9 276 14 734 487 868 436 227 0 0 663 0 218 0 632 0 0 567 888 726 539 132 422 52 0 0 211 0 0 166 0 461 807 0 632 513 0 41 511 827 0 0 710 855 398 539 66 810 546 664 971 0 0 637 55 503 574 171 968 457 304 759 0 679 69 502 0 892 633 702 173 0 963 679 812 680 289 777 549 0 509 293 0 50 657 647 395 25 177 0 788 970 58 871 896 334 0 0 427 42 306 436 0 236 613 856 788 0 0 0 948 834 830 0 535 234 66 410 52 0 222 445 14 0 969 343 511 167 449 237 657 818 50 28 0 515 903 343 388 0 42 382 0 614 761 651 0 15 0 208 949 0 88 0 
0 553 951 26 0 0 0 0 698 880 217 0 0 558 0 868 963 275 793 740 825 0 886 984 93 0 183 0 0 814 0 543 738 0 302 949 744 872 416 530 330 0 719 0 0 264 312 145 775 0 277 761 0 0 234 0 993 0 468 0 0 555 985 73 563 871 583 0 0 339 953 287 367 836 0 0 414 672 4 490 515 0 272 631 164 0 0 828 89 168 0 577 488 894 599 945 843 310 552 0 0 0 591 432 765 0 561 0 0 0 931 302 0 635 0 445 0 733 847 246 277 950 202 342 0 0 489 249 455 404 0 0 0 891 0 330 424 306 719 534 862 849 127 0 0 719 0 863 968 0 23 0 360 0 0 398 296 505 0 181 376 0 115 0 232 656 657 0 0 641 370 237 915 0 814 0 627 728 583 0 429 857 0 0 52 0 911 782 288 0 923 309 734 203 517 465 894 687 658 222 0 18 816 634 974 0 0 384 693 637 0 439 953 117 0 818 758 633 983 484 0 0 0 905 0 241 435 910 630 0 0 164 0 715 646 219 0 0 552 566 0 0 0 402 0 0 400 333 64 813 
997 512 0 189 0 640 784 406 0 934 927 0 0 644 491 0 671 90 886 0 634 309 692 547 788 814 238 469 953 0 348 0 812 285 833 0 963 0 924 202 452 0 899 131 288 816 510 783 731 842 438 271 461 344 374 693 241 665 521 511 0 273 316 0 615 139 463 0 0 147 744 271 8 560 895 437 525 525 1 66 0 869 926 0 882 823 639 319 443 0 579 297 0 281 587 508 426 0 0 309 144 654 595 32 133 123 907 701 787 172 58 850 215 537 760 492 650 0 832 373 560 966 161 0 834 51 907 0 636 0 0 0 925 551 236 745 901 15 159 632 0 380 272 130 886 345 2 416 854 702 410 374 843 611 675 0 0 119 15 682 263 0 163 0 0 683 615 685 0 651 731 639 445 0 182 56 0 0 0 361 786 32 0 795 115 474 512 706 938 31 173 591 310 327 391 0 455 0 0 222 0 0 0 598 681 568 952 645 0 0 889 445 229 0 738 711 0 787 140 0 479 0 0 103 0 293 0 624 473 595 0 512 433 66 331 9 609 0 704 0 626 129 488 0 187 0 413 928 769 122 
474 0 868 264 239 0 221 0 188 0 0 558 644 0 0 772 0 0 0 0 426 907 0 0 546 0 487 932 0 858 299 292 289 477 379 350 208 492 0 0 208 0 531 0 599 867 972 957 778 0 30 0 77 757 824 765 405 0 165 49 851 588 326 0 0 536 278 57 0 0 994 830 844 657 0 526 0 0 485 91 915 0 0 116 721 0 0 743 167 928 0 0 818 390 695 0 942 491 150 654 641 0 578 366 614 0 586 534 758 239 626 0 511 512 975 452 649 216 549 528 447 770 357 398 0 703 581 0 0 129 13 133 941 301 658 662 228 0 934 928 0 757 735 118 0 910 0 0 0 151 59 873 891 758 923 779 0 552 0 524 14 356 688 11 665 0 69 297 405 0 0 282 606 0 370 0 885 431 810 162 635 121 0 1 395 230 0 0 86 266 129 488 875 783 0 546 976 0 0 789 0 258 0 847 0 978 279 306 679 547 25 456 251 977 562 311 582 855 683 443 126 29 0 0 0 0 61 758 139 365 0 982 556 971 347 965 0 269 0 395 785 905 43 534 336 686 474 829 277 344 
982 128 0 0 956 566 194 0 0 891 0 0 491 0 0 0 83 118 630 969 549 412 567 616 0 0 291 0 102 680 350 515 729 665 901 819 0 930 352 58 815 741 666 815 309 629 0 0 833 809 987 558 503 0 357 209 369 0 0 470 153 0 293 536 907 267 0 809 467 37 0 648 343 161 483 896 0 171 0 436 0 0 440 0 655 386 48 520 798 0 512 0 0 992 711 881 0 596 0 0 158 0 169 196 0 10 904 17 500 0 0 760 371 572 889 0 0 623 0 796 2 197 0 60 130 574 257 345 21 0 238 0 742 943 931 100 0 0 134 0 0 0 577 962 0 0 296 981 898 0 105 882 825 696 790 39 696 0 81 817 430 904 0 0 0 906 901 827 0 735 0 770 697 0 406 372 874 290 198 75 864 0 0 421 175 346 609 966 850 0 0 306 481 258 126 0 503 217 83 87 614 978 258 176 707 85 402 819 0 574 59 544 430 125 0 138 552 0 182 300 0 152 403 0 0 0 248 27 804 920 0 0 613 612 153 661 390 0 559 641 267 481 123 900 0 897 0 0 767 149 
408 625 961 0 259 650 0 109 0 775 0 868 0 772 0 0 849 931 0 587 0 907 0 0 389 27 0 219 693 869 418 186 583 8 120 0 190 499 70 0 0 29 353 396 879 672 5 841 0 0 255 0 31 0 262 541 308 0 30 682 0 747 766 216 0 948 0 0 0 475 0 653 0 0 731 232 459 0 0 510 303 755 597 0 254 760 572 412 182 945 713 792 563 242 0 23 44 365 0 750 23 179 987 0 198 183 227 143 165 635 0 405 409 0 0 0 621 368 0 0 0 0 0 0 529 959 0 732 654 776 976 377 0 746 0 640 0 0 0 707 810 0 0 513 433 11 344 988 215 882 10 579 0 502 646 0 0 0 842 311 226 943 989 0 531 0 449 0 148 0 0 126 0 110 612 565 0 729 0 332 470 543 0 471 0 0 197 504 0 303 970 0 213 671 377 0 239 787 0 511 274 275 182 236 440 477 0 709 289 301 834 0 150 0 0 11 527 652 0 0 0 836 0 671 644 0 103 146 0 0 44 0 781 187 63 0 163 626 602 0 918 0 292 0 771 0 349 625 252 19 
168 549 754 577 374 737 826 0 717 37 0 963 671 0 83 849 0 302 556 511 346 706 561 0 167 583 219 0 162 912 377 710 516 0 889 787 504 0 0 0 0 820 702 0 785 994 456 255 52 844 537 0 727 736 766 795 188 0 0 0 570 94 808 61 4 0 508 49 0 853 87 176 782 0 326 0 0 0 895 0 256 900 0 58 574 569 772 467 0 0 0 0 495 51 0 869 0 412 0 0 785 850 0 651 229 311 330 952 144 18 0 540 105 0 0 0 0 980 776 0 0 25 588 174 453 0 738 0 810 0 536 567 568 826 153 668 382 416 573 0 974 0 956 0 244 755 0 77 0 671 540 937 504 321 55 798 963 399 622 253 391 436 73 756 756 220 0 175 0 0 106 326 888 783 78 383 568 0 921 688 583 812 24 662 523 66 576 559 166 0 0 869 278 853 0 523 0 911 23 996 0 0 633 850 928 599 0 319 454 0 652 985 0 0 682 950 0 427 414 46 0 0 735 977 917 0 0 0 864 944 245 26 314 0 0 717 83 0 352 931 680 0 552 494 739 842 0 529 0 756 
277 0 268 846 0 414 0 726 608 570 610 275 90 0 118 931 302 0 0 438 472 0 376 297 414 800 154 60 454 942 0 766 789 563 542 181 722 469 0 918 0 0 869 778 240 0 347 663 0 0 842 0 0 0 106 491 736 0 0 449 0 0 0 819 157 919 511 429 0 125 258 195 569 459 0 238 593 488 953 195 636 0 396 0 177 283 692 0 643 136 904 0 916 0 49 281 702 0 0 654 984 0 825 957 0 0 250 0 0 719 810 590 719 0 123 840 73 531 0 0 988 169 246 151 0 532 871 170 0 524 95 349 170 0 0 0 0 352 0 718 815 122 0 0 261 396 363 611 0 0 0 62 0 98 979 383 0 868 375 437 0 147 639 709 0 0 565 830 0 408 153 961 541 650 730 437 0 843 49 0 890 0 0 0 375 444 0 501 0 659 871 0 930 0 426 470 0 0 276 0 783 713 744 0 0 0 104 737 212 219 659 317 444 218 341 0 603 224 0 0 415 520 628 229 350 0 415 1000 55 882 925 495 0 879 548 456 82 685 65 221 810 225 0 183 0 0 179 0 849 814 
0 960 15 983 26 377 0 103 34 597 173 793 886 0 630 0 556 0 0 364 947 62 799 252 244 286 418 56 541 73 0 768 48 617 701 727 202 0 0 760 956 318 856 0 985 864 13 0 925 43 0 0 0 853 462 195 746 0 271 832 75 469 931 0 406 0 0 264 88 0 0 0 194 724 32 154 0 0 208 846 0 0 797 689 778 683 0 0 45 871 115 932 924 262 693 851 288 0 0 162 931 0 53 621 770 452 0 117 360 0 667 613 0 0 428 0 803 857 0 376 0 0 531 0 0 660 394 756 573 491 985 514 0 0 860 0 848 701 0 0 617 487 755 0 52 995 105 0 702 892 240 693 590 0 0 0 0 690 0 934 565 178 834 513 221 0 449 727 15 0 0 645 893 0 852 0 556 0 0 820 55 778 0 80 0 0 837 348 67 16 501 100 931 0 832 922 8 987 74 391 379 898 761 80 0 653 0 0 755 325 0 0 855 691 0 0 729 384 726 903 0 0 304 525 783 386 0 282 469 280 0 641 59 259 0 504 164 0 0 70 0 594 670 329 0 668 729 122 0 767 
986 527 378 0 557 0 0 0 234 565 846 740 0 0 969 587 511 438 364 0 104 840 161 244 929 555 308 716 0 142 638 0 971 0 0 323 587 64 187 161 320 0 0 502 220 961 733 0 973 154 47 0 958 74 0 658 0 0 0 957 963 225 144 270 524 167 364 320 0 580 348 90 165 591 549 0 596 0 312 0 0 973 102 0 917 847 0 0 673 160 386 395 154 947 892 257 982 676 0 446 322 135 941 11 0 234 952 0 0 0 963 115 575 846 948 0 189 229 968 253 480 43 962 601 769 0 304 0 558 249 831 0 0 0 223 128 392 678 235 0 399 95 281 374 0 24 270 0 865 0 145 721 0 492 639 912 0 347 781 0 261 0 197 0 631 406 1 0 0 710 560 0 14 735 153 0 259 481 441 219 0 92 745 710 955 0 220 0 829 609 157 0 570 74 0 484 0 892 799 68 634 0 0 595 0 512 806 0 156 35 851 817 0 0 0 95 500 0 428 754 0 377 871 729 0 944 0 754 542 0 34 232 0 125 444 633 938 0 398 764 834 999 277 64 0 0 0 81 714 66 
391 841 270 0 205 323 450 0 192 957 0 825 634 426 549 0 346 472 947 104 0 426 652 0 0 0 152 126 181 886 907 914 0 97 518 170 0 928 973 0 286 601 0 21 17 579 0 301 0 0 0 854 826 49 946 897 0 0 998 404 313 358 143 745 0 0 170 876 340 61 64 912 679 909 995 814 0 0 379 0 708 509 0 63 639 442 534 146 166 435 0 0 0 564 0 0 957 0 532 520 967 0 449 359 0 987 210 672 0 364 423 882 777 106 237 643 361 0 108 0 300 448 117 839 548 872 551 0 514 470 0 477 0 622 0 762 458 62 304 0 569 463 230 443 730 131 985 564 643 91 341 178 0 861 930 0 0 172 771 407 0 851 763 0 0 798 0 296 848 385 302 841 980 0 866 715 0 592 944 338 397 689 0 703 469 913 127 426 849 219 471 0 0 0 575 21 0 603 0 103 666 775 245 0 0 0 312 677 249 0 998 0 0 602 0 491 0 456 528 652 122 878 926 29 370 0 0 941 0 955 0 430 0 0 0 712 584 0 659 0 237 0 961 0 0 750 962 0 658 721 
0 0 0 0 529 516 0 92 41 134 160 0 309 907 412 907 706 0 62 840 426 0 779 560 376 134 667 977 0 722 982 0 215 927 0 529 712 489 0 0 624 667 0 329 466 0 876 545 0 931 935 0 0 880 789 741 762 0 579 771 320 389 101 674 254 783 0 519 0 0 626 876 0 311 0 460 408 866 943 192 0 845 584 181 0 91 89 0 191 0 133 371 774 661 0 421 693 909 478 0 0 993 0 852 934 577 0 925 311 0 346 0 534 660 0 297 518 809 0 204 184 601 149 130 0 647 0 0 0 682 960 137 640 937 0 306 866 0 294 618 318 365 825 0 0 793 0 0 879 500 720 612 0 441 387 0 812 0 345 277 915 947 0 210 804 587 357 418 0 0 0 0 591 0 120 846 0 485 0 864 469 787 464 0 776 202 0 996 0 0 0 0 239 0 758 740 436 766 107 0 286 881 46 885 618 0 0 0 687 0 0 788 933 162 876 376 557 0 0 837 836 0 0 386 0 727 0 342 0 78 906 430 906 404 390 335 180 647 189 951 0 0 598 703 605 987 354 211 571 532 
0 1000 0 971 0 797 891 0 0 427 226 886 692 0 567 0 561 376 799 161 652 779 0 751 946 283 3 954 362 0 636 0 174 0 0 488 624 868 454 533 0 377 529 380 286 355 677 56 758 680 989 434 134 333 405 0 0 14 401 377 809 0 905 793 0 0 868 533 0 0 268 773 0 744 927 629 951 595 722 0 0 719 878 0 336 383 458 553 621 384 69 0 0 0 565 71 0 418 544 384 720 161 871 0 324 454 921 513 0 0 0 810 327 321 288 0 0 78 0 0 517 353 0 0 211 0 0 11 0 0 904 927 41 0 660 13 343 399 998 775 593 0 446 0 181 309 438 0 560 194 809 849 0 543 827 441 0 533 747 178 196 284 0 274 0 152 0 632 0 0 0 0 0 0 592 376 0 896 333 940 335 0 0 748 76 15 285 935 0 0 339 490 0 179 890 444 590 677 347 524 643 0 551 690 0 531 385 37 931 354 220 180 709 0 347 378 115 423 134 0 0 897 671 731 796 259 0 245 0 186 0 292 0 0 727 0 0 0 305 455 0 0 12 227 0 57 402 612 0 0 
0 1000 473 714 191 83 0 471 0 804 945 984 547 0 616 0 0 297 252 244 0 560 751 0 0 136 305 763 923 10 8 701 0 477 0 0 557 0 0 111 814 0 747 0 0 0 0 212 862 244 20 342 886 378 836 691 156 485 0 653 441 448 276 463 252 609 0 0 110 184 0 0 39 746 0 156 54 931 0 732 641 382 781 0 260 0 946 74 201 0 0 274 484 446 0 878 0 270 43 819 658 545 0 22 916 0 0 621 0 576 838 64 923 0 920 847 537 808 401 972 895 0 323 434 959 675 16 0 0 97 0 652 265 0 866 711 0 0 317 155 0 134 0 871 301 40 0 800 952 648 117 813 119 0 768 159 0 381 671 265 207 695 837 26 0 818 0 851 486 200 0 445 612 0 531 0 203 0 303 0 345 577 400 242 512 5 811 0 540 750 257 523 103 342 147 0 0 526 0 746 801 0 0 563 20 231 0 286 868 439 945 0 27 887 585 0 86 330 654 708 0 103 481 730 362 164 934 168 0 354 0 0 434 0 0 699 0 513 0 0 822 79 55 404 215 140 399 51 558 640 
363 424 145 0 0 135 760 0 203 0 171 93 788 546 0 389 167 414 244 929 0 376 946 0 0 990 0 514 348 652 668 521 458 0 43 653 0 611 0 250 553 216 405 0 0 131 0 0 424 166 501 701 165 925 582 669 615 0 996 693 468 512 0 964 131 321 891 784 823 723 677 0 956 124 814 0 33 563 774 591 603 275 0 0 0 0 651 360 0 207 262 0 0 276 333 0 42 285 874 271 0 388 363 283 794 646 555 310 0 0 169 0 0 0 143 761 723 623 133 303 240 520 0 592 0 273 0 53 0 0 243 0 507 0 971 0 557 160 287 0 996 497 623 0 0 0 384 964 137 0 388 191 369 185 0 504 240 0 0 0 751 191 476 0 478 0 388 681 0 827 977 0 296 631 38 0 0 171 221 0 0 577 0 0 903 884 0 0 631 120 544 0 0 330 0 316 938 14 378 830 0 418 999 0 0 601 687 0 761 109 0 888 39 495 0 0 244 0 0 804 0 0 676 124 0 237 0 0 342 812 632 64 0 904 283 255 646 0 194 600 863 810 930 0 608 382 81 152 740 27 
730 833 0 909 483 554 0 938 0 677 0 0 814 0 0 27 583 800 286 555 0 134 283 136 990 0 470 683 0 438 254 0 103 990 679 636 568 0 0 33 368 170 566 0 815 236 254 311 620 0 0 0 328 373 3 0 0 57 606 418 0 66 310 755 0 414 11 666 651 621 755 0 0 13 70 0 397 166 414 535 0 341 640 389 0 509 0 371 0 0 640 986 33 756 87 0 909 890 893 921 281 283 233 693 0 279 0 0 0 806 0 708 0 423 256 218 663 998 579 0 578 750 759 0 600 0 0 946 602 0 125 895 457 422 404 873 453 288 237 0 0 190 212 0 274 434 969 0 940 711 0 28 0 0 28 106 0 234 0 977 685 510 0 0 590 976 757 186 456 58 828 500 0 313 0 0 690 134 0 176 506 0 507 980 0 390 726 0 0 0 110 595 158 544 531 0 202 0 527 440 0 837 245 958 895 498 739 0 0 214 0 561 0 826 652 249 613 298 0 0 535 0 242 804 724 235 960 609 749 787 383 602 940 0 135 0 195 814 709 812 742 0 0 628 910 0 1 956 0 870 
0 43 144 675 717 0 124 381 305 384 135 183 238 487 291 0 219 154 418 308 152 667 3 305 0 470 0 175 0 647 0 0 331 625 65 0 518 37 449 756 792 0 611 0 430 886 501 695 261 617 0 0 0 631 123 444 965 635 790 901 758 0 581 0 335 0 263 202 0 378 656 742 330 605 438 365 99 652 635 387 668 385 402 25 456 0 454 395 641 0 0 0 0 564 0 194 0 0 475 835 989 0 1000 0 666 500 553 220 0 903 330 88 0 761 0 0 460 0 0 0 0 52 972 978 97 0 186 0 433 0 40 0 944 277 822 0 0 427 163 808 571 0 0 0 680 0 0 0 0 901 269 0 845 0 290 444 548 743 18 0 804 0 440 713 632 0 362 0 506 192 435 111 597 757 0 798 0 949 453 255 0 22 332 0 210 0 456 857 705 0 0 0 556 247 179 376 455 0 442 34 0 77 475 560 84 799 738 95 0 364 0 0 557 366 0 696 888 853 836 155 0 0 832 0 873 737 508 0 0 562 994 374 0 129 679 541 0 414 940 0 691 122 501 609 804 230 0 173 973 289 
396 0 650 888 0 0 440 243 305 0 286 0 469 932 0 219 0 60 56 716 126 977 954 763 514 683 175 0 318 0 0 564 270 332 121 169 439 0 718 0 268 614 405 828 0 937 0 779 279 0 347 225 37 0 103 606 0 453 969 729 237 0 187 225 0 117 985 793 34 0 0 378 0 797 888 107 443 21 244 224 55 918 327 279 646 0 0 0 181 0 349 0 606 101 0 919 364 737 595 660 0 262 377 680 60 0 948 791 910 673 695 8 617 71 144 571 146 0 74 565 0 601 995 704 243 0 0 94 530 139 834 0 469 0 121 258 0 276 0 696 0 0 387 0 946 619 466 764 743 0 423 0 353 71 222 700 573 80 588 973 569 924 151 703 0 0 567 0 258 70 282 737 200 742 265 723 444 0 50 694 0 619 509 0 679 0 0 0 206 0 847 365 663 0 595 295 276 0 0 620 0 92 866 0 545 833 0 0 0 386 0 9 115 182 0 908 45 51 70 0 52 232 620 871 77 484 20 804 875 516 0 836 63 218 868 391 0 700 0 225 999 402 0 164 0 9 0 0 0 0 
39 193 553 477 0 905 0 545 549 0 0 0 953 0 102 693 162 454 541 0 181 0 362 923 348 0 0 318 0 866 958 401 394 479 552 101 547 570 0 318 382 695 0 376 0 0 529 406 214 277 316 195 529 780 0 173 976 36 398 0 0 298 13 0 844 219 914 518 0 380 243 482 146 0 150 456 30 92 913 177 693 353 0 0 180 304 241 615 18 561 817 190 0 475 311 941 0 551 944 314 224 0 0 13 0 856 0 770 298 38 89 117 879 678 692 3 382 368 147 524 298 110 0 655 676 0 988 0 133 825 0 834 532 0 26 347 115 0 0 759 0 0 314 256 634 12 0 630 0 96 54 421 384 637 641 790 0 558 608 57 448 722 674 0 572 248 866 146 790 411 552 323 24 337 204 387 914 553 0 622 468 71 817 300 0 366 787 658 627 664 743 735 378 0 0 77 896 0 670 562 953 216 639 258 0 0 556 0 816 78 121 0 34 22 689 22 809 614 729 0 0 0 611 697 0 914 0 0 0 294 562 369 437 0 167 629 0 247 92 377 360 74 0 585 490 0 896 0 726 53 
128 546 221 0 185 0 0 838 0 647 685 814 0 858 680 869 912 942 73 142 886 722 0 10 652 438 647 0 866 0 0 315 510 0 956 491 0 72 504 455 0 0 64 560 347 915 0 0 569 638 110 948 832 0 294 0 415 654 266 673 553 546 95 600 0 0 136 214 0 634 773 982 0 448 0 0 308 648 432 407 0 94 0 179 0 755 540 0 778 53 484 0 990 222 0 0 99 481 240 0 0 825 578 547 288 188 0 0 22 308 165 712 0 880 0 0 163 337 318 648 0 590 0 0 0 0 688 0 217 0 696 0 0 321 939 0 324 0 918 512 740 296 700 773 0 649 26 195 181 669 643 807 0 0 838 750 297 622 0 205 148 596 781 60 671 481 252 362 0 0 57 0 762 670 52 0 0 273 633 507 642 831 874 0 0 168 446 483 0 270 92 699 0 0 0 0 0 307 21 139 0 620 115 733 0 408 579 0 0 506 0 338 0 237 0 552 260 0 904 396 874 0 487 841 235 0 852 0 0 0 784 328 817 124 938 897 952 164 0 836 895 184 710 262 127 622 45 479 83 98 
567 0 978 0 322 520 865 532 333 143 287 0 348 299 350 418 377 0 0 638 907 982 636 8 668 254 0 0 958 0 0 147 0 399 0 0 362 0 46 222 681 9 19 294 574 0 73 515 140 0 811 303 449 824 0 432 626 324 286 596 284 141 345 408 681 476 0 347 808 348 2 711 203 0 991 141 134 698 0 0 700 671 389 372 46 694 3 832 232 149 353 334 515 0 507 212 641 440 372 0 133 0 631 106 787 0 0 817 493 101 864 53 281 0 886 0 0 682 167 0 84 0 595 0 0 0 0 139 70 0 933 3 495 165 851 904 808 492 892 749 36 444 885 983 424 714 0 292 287 3 865 925 9 805 257 0 966 0 96 0 552 982 411 0 36 203 428 980 587 953 41 0 0 280 39 559 885 925 976 827 569 635 497 0 406 700 132 27 488 901 711 177 0 209 568 0 0 692 0 692 990 0 195 905 0 0 710 24 173 680 0 735 0 598 252 0 683 567 0 428 380 993 464 579 0 702 407 0 630 290 825 258 379 723 822 789 625 578 987 863 0 239 716 959 157 599 0 91 340 910 
193 926 584 670 0 0 448 219 575 632 114 543 0 292 515 186 710 766 768 0 914 0 0 701 521 0 0 564 401 315 147 0 12 27 718 107 0 764 534 958 126 0 551 164 838 0 991 0 720 583 317 328 338 151 334 65 285 140 863 895 249 428 321 803 0 302 681 952 139 114 153 311 0 0 351 0 0 380 95 536 600 201 353 0 413 552 237 18 0 0 0 410 0 18 561 78 0 0 0 504 0 183 976 598 270 0 0 0 0 874 172 245 24 577 566 0 134 160 224 0 0 419 578 359 947 0 0 0 0 494 580 52 0 468 829 489 642 950 247 498 889 100 0 876 949 0 850 109 204 265 6 586 0 413 870 55 50 603 0 0 613 315 0 0 340 424 711 0 0 0 920 829 902 0 122 150 713 629 581 570 519 94 405 63 279 0 0 836 166 647 312 0 93 50 344 593 0 26 0 372 391 945 796 198 415 0 231 414 862 709 0 0 49 0 547 357 0 0 587 0 0 140 0 0 55 200 868 862 900 348 765 774 262 782 208 249 540 99 0 538 400 0 866 277 0 110 0 84 0 104 
0 647 403 0 951 238 534 103 646 782 0 738 812 289 729 583 516 789 48 971 0 215 174 0 458 103 331 270 394 510 0 12 0 0 0 133 504 673 277 0 0 511 0 783 0 97 252 327 449 926 0 0 0 450 0 563 491 508 698 802 554 460 0 742 924 0 0 513 102 903 990 368 133 590 0 0 452 387 0 0 852 798 376 13 0 448 646 166 57 0 0 794 189 0 325 25 0 171 0 310 733 200 558 226 695 876 734 315 719 74 735 0 0 38 47 100 979 928 305 925 113 0 680 153 705 0 983 383 331 296 74 16 0 80 502 0 751 58 0 85 880 447 343 834 0 372 716 0 829 90 439 0 6 299 399 916 871 592 976 585 0 882 878 55 968 784 103 106 436 929 804 466 0 17 0 696 553 0 763 386 523 0 0 413 557 374 0 24 752 643 775 823 616 755 879 506 555 503 177 0 194 608 0 9 390 613 420 87 989 794 290 0 709 515 253 499 188 981 0 35 514 969 0 916 783 872 0 0 551 257 222 992 449 420 0 0 0 826 682 952 0 0 288 0 783 647 0 367 361 631 
0 204 865 0 952 135 0 0 111 711 707 0 285 477 665 8 0 563 617 0 97 927 0 477 0 990 625 332 479 0 399 27 0 0 0 560 154 399 494 0 984 0 556 531 0 0 373 0 0 0 0 272 0 0 0 684 0 918 0 480 696 767 0 534 838 0 0 977 0 614 142 791 0 0 0 0 103 758 213 408 54 729 712 660 0 575 215 465 288 706 0 535 440 595 0 174 0 391 467 0 919 701 424 91 372 0 350 0 0 481 774 816 994 216 357 763 114 978 870 646 251 688 0 184 968 488 0 0 365 35 0 406 0 0 0 0 537 0 733 400 857 579 650 831 176 750 651 74 367 291 0 324 486 0 295 848 0 0 182 332 0 24 910 0 345 909 0 795 883 389 0 254 628 412 0 611 0 955 455 0 238 667 190 739 0 247 0 0 331 157 269 874 744 0 143 0 275 0 0 0 0 0 59 0 0 420 865 860 886 63 395 0 0 0 0 634 136 653 530 0 0 440 889 94 792 0 62 633 888 92 662 0 0 478 687 0 220 446 0 0 137 0 870 0 435 373 0 0 170 977 
211 0 0 323 454 940 224 25 734 105 0 302 833 379 901 120 889 542 701 0 518 0 0 0 43 679 65 121 552 956 0 718 0 0 0 312 0 285 232 559 193 317 0 103 429 0 0 947 308 15 114 404 882 525 488 370 358 891 259 0 355 510 942 280 314 810 128 770 122 0 107 389 0 450 910 0 507 443 46 641 945 65 948 479 0 690 136 586 838 522 376 0 0 492 155 295 578 189 953 0 356 459 0 52 315 0 139 0 59 437 0 520 414 15 0 657 462 407 597 615 249 261 790 0 0 235 521 802 864 0 283 610 611 97 0 875 478 497 717 0 0 0 0 0 0 677 214 0 0 630 599 204 435 14 0 0 324 608 0 274 0 753 428 0 522 532 497 0 662 565 0 453 0 727 268 480 0 853 380 0 750 0 859 941 345 273 3 366 311 923 17 743 0 478 552 905 177 744 22 0 151 0 260 865 0 617 935 559 58 0 394 0 10 299 579 0 0 0 0 254 61 0 0 0 41 550 0 768 887 209 0 925 851 274 210 623 0 0 41 0 350 921 437 690 0 0 626 731 509 716 
568 0 0 0 466 265 0 377 944 379 238 949 0 350 819 0 787 181 727 323 170 529 488 0 653 636 0 169 101 491 0 107 133 560 312 0 645 0 0 397 480 0 0 0 732 963 0 986 99 0 0 688 959 168 762 0 0 682 0 81 569 593 0 75 113 0 407 708 984 775 695 377 0 274 347 494 418 178 343 0 0 224 0 0 191 100 697 270 480 730 981 0 544 272 213 0 429 0 0 728 159 398 0 538 172 0 40 0 243 677 730 412 0 0 537 278 0 371 710 0 0 0 197 0 675 430 729 0 676 0 0 200 0 238 550 0 790 328 389 499 166 5 0 658 0 687 86 0 238 928 20 256 0 232 0 699 228 45 418 126 402 84 442 429 229 0 217 369 825 0 652 775 215 111 558 548 0 718 958 814 224 603 411 0 666 359 32 589 0 0 236 0 738 469 80 0 0 211 553 803 360 0 348 140 34 198 0 988 0 0 781 0 911 0 87 411 0 0 22 793 686 0 602 144 408 0 495 593 176 0 894 244 0 744 0 532 939 303 687 1 0 647 112 0 226 997 254 478 226 0 
911 87 0 993 251 834 0 326 755 175 0 744 963 208 0 190 504 722 202 587 0 712 624 557 0 568 518 439 547 0 362 0 504 154 0 645 0 978 0 305 94 0 258 776 993 841 0 844 691 0 973 915 991 0 131 0 426 678 77 819 0 962 0 243 121 652 84 0 433 612 0 766 727 702 740 645 0 834 0 921 322 593 0 0 49 937 0 362 804 985 0 464 280 872 122 0 724 0 0 634 788 281 790 886 539 815 64 0 0 878 940 858 0 461 808 137 999 324 831 773 490 916 868 352 817 817 234 305 13 0 763 0 374 0 717 0 812 970 0 70 953 783 821 0 32 457 518 0 752 607 963 0 11 0 0 108 206 320 0 827 621 79 340 704 317 0 700 0 553 0 264 349 981 686 0 612 899 0 57 691 0 32 530 852 350 926 746 507 466 726 0 733 0 22 0 970 0 606 67 0 0 185 167 669 856 0 221 643 765 0 0 736 913 0 795 216 0 0 200 930 883 951 674 533 860 218 0 0 313 311 214 842 0 0 515 0 667 0 0 457 689 0 0 594 751 43 676 728 787 435 
0 150 0 10 755 2 658 0 402 643 0 872 0 492 930 499 0 469 0 64 928 489 868 0 611 0 37 0 570 72 0 764 673 399 285 0 978 0 173 654 0 813 0 181 778 491 169 429 629 201 102 157 331 118 0 642 360 536 543 0 0 85 650 0 672 0 0 680 0 197 0 333 358 862 444 491 263 47 941 112 0 0 23 554 693 667 0 398 0 521 0 439 0 830 306 373 977 0 564 0 981 57 0 0 292 607 149 117 0 968 0 981 521 289 934 0 987 384 784 845 0 0 921 646 404 839 661 0 284 922 534 996 955 324 996 342 158 568 616 841 995 0 101 0 658 255 729 109 359 873 734 329 0 0 657 490 102 137 242 567 576 290 516 0 0 0 0 848 0 874 383 0 0 0 0 0 254 505 0 407 425 76 0 13 0 979 451 743 840 85 470 133 139 959 634 534 0 144 0 98 0 116 807 984 141 449 474 0 179 458 857 0 889 734 96 242 339 801 657 0 0 23 64 0 0 0 354 657 0 923 0 120 561 0 694 0 0 820 562 0 5 747 551 943 153 259 970 555 175 123 
358 258 0 0 50 313 586 108 0 302 0 416 924 0 352 70 0 0 0 187 973 0 454 0 0 0 449 718 0 504 46 534 277 494 232 0 0 173 0 0 870 75 0 211 0 0 909 0 475 0 18 370 0 0 585 788 542 0 181 0 572 386 238 678 147 753 765 658 516 0 875 428 615 408 0 0 226 0 874 700 695 0 524 117 480 956 681 341 0 0 0 0 670 0 56 234 9 0 0 432 213 660 685 880 0 539 0 0 785 91 863 749 0 0 414 0 828 0 256 984 471 0 913 672 595 814 0 0 994 413 455 895 139 0 675 0 0 0 0 793 749 4 0 426 344 775 164 157 0 412 563 0 840 0 362 0 0 845 0 384 0 780 629 922 723 0 753 0 21 714 344 614 603 0 204 534 612 326 794 184 734 703 378 325 814 460 352 62 339 0 364 294 682 0 0 344 755 20 0 0 435 0 416 464 0 40 702 0 178 476 0 994 967 119 910 652 466 625 66 0 69 732 0 267 0 495 0 0 130 885 0 0 888 747 407 630 0 0 0 217 365 0 236 868 0 842 405 694 879 0 
50 423 0 953 44 0 805 0 0 997 956 530 202 0 58 0 0 918 760 161 0 0 533 111 250 33 756 0 318 455 222 958 0 0 559 397 305 654 0 0 964 572 163 817 0 0 629 0 294 777 0 527 810 227 0 561 572 549 0 944 0 0 0 126 12 0 946 0 0 0 622 0 817 0 406 684 0 95 366 14 890 0 610 0 659 775 772 610 953 383 280 0 387 83 65 622 0 0 917 79 0 0 899 16 332 440 152 0 378 0 0 582 0 466 641 15 0 555 901 0 782 0 238 540 490 314 912 440 0 58 428 410 93 545 605 411 99 149 589 675 0 96 0 209 708 275 0 544 158 923 724 152 0 729 877 0 36 0 767 910 750 0 0 839 0 0 689 759 0 692 865 0 0 105 0 936 419 834 266 791 297 778 88 687 193 10 877 232 0 0 269 0 0 900 0 635 977 250 0 626 825 561 778 0 0 0 827 447 382 0 910 0 62 824 0 945 492 0 0 0 0 939 691 876 0 492 0 902 225 144 527 134 672 933 0 406 105 487 0 0 38 0 842 792 0 411 866 402 608 0 
475 324 0 810 0 0 264 61 782 655 321 330 452 208 815 0 0 0 956 320 286 624 0 814 553 368 792 268 382 0 681 126 0 984 193 480 94 0 870 964 0 652 439 840 233 272 402 179 383 134 0 0 0 0 179 628 137 795 665 0 972 928 433 0 551 689 0 0 0 792 387 0 845 0 330 20 0 986 0 0 871 0 371 831 0 0 432 312 568 626 0 98 0 0 0 51 357 0 543 711 447 615 0 955 48 53 60 0 0 271 738 0 0 0 0 955 584 0 145 369 0 0 271 45 714 0 36 577 698 168 921 953 0 427 179 0 0 203 0 0 791 0 230 820 579 0 834 476 0 65 0 8 0 346 753 856 0 723 527 503 369 589 822 0 0 0 952 767 0 566 743 649 572 824 0 961 0 774 635 62 0 816 262 0 945 164 0 669 416 345 834 0 0 172 979 429 976 0 95 618 586 223 60 857 468 617 74 973 0 798 0 380 0 517 468 0 0 514 387 0 0 0 817 0 605 0 0 0 868 490 419 642 0 606 0 756 214 304 111 0 0 489 0 0 439 0 549 111 144 0 
818 505 719 27 121 0 0 661 0 713 494 0 0 0 741 29 820 0 318 0 601 667 377 0 216 170 0 614 695 0 9 0 511 0 317 0 0 813 75 572 652 0 0 0 0 0 78 0 532 376 577 960 614 0 187 927 259 26 0 874 305 228 0 188 0 109 487 382 370 525 877 695 298 0 492 0 858 845 857 154 0 967 0 621 723 163 859 0 0 0 832 0 200 508 0 0 426 644 231 677 0 772 0 427 61 147 0 575 414 480 891 114 850 651 0 929 0 912 634 18 455 0 548 35 662 0 534 739 253 572 301 0 492 772 160 0 153 149 173 0 635 0 12 176 850 120 0 529 981 385 902 2 499 258 960 288 143 852 0 0 113 622 137 0 0 95 161 0 160 0 0 709 311 857 48 435 171 17 418 912 189 312 936 0 132 0 834 0 631 71 694 0 0 19 0 0 120 431 776 85 244 17 0 249 0 910 0 471 347 493 862 774 0 615 841 252 636 2 884 801 425 84 0 278 432 426 196 0 0 752 692 0 398 298 542 458 913 81 857 730 191 756 0 250 0 954 0 449 716 972 
0 704 963 432 132 0 780 794 0 723 158 719 899 531 666 353 702 869 856 0 0 0 529 747 405 566 611 405 0 64 19 551 0 556 0 0 258 0 0 163 439 0 0 373 591 327 446 0 0 0 401 388 0 124 958 888 5 0 601 0 786 807 495 422 0 829 28 533 976 630 188 260 118 0 312 602 348 524 0 755 760 846 0 910 0 218 0 0 547 681 865 255 405 936 182 963 0 329 657 354 0 579 570 9 727 955 433 550 0 0 386 13 503 352 0 932 0 0 402 638 0 747 0 601 653 0 643 0 0 0 276 86 0 30 695 477 473 0 0 812 507 373 0 0 291 23 213 0 138 121 864 930 11 429 293 959 0 629 0 363 626 0 0 415 358 0 812 0 0 739 396 562 434 0 872 965 357 0 0 310 0 0 522 784 780 761 779 0 832 413 43 854 934 343 793 525 738 702 0 0 800 0 0 796 0 351 768 248 174 12 0 808 0 0 553 0 932 0 0 283 45 534 983 0 0 384 367 858 0 743 253 0 913 697 484 0 483 964 839 0 430 0 893 730 760 900 612 0 27 236 
307 726 0 217 0 0 231 105 758 0 990 0 131 0 815 396 0 778 0 502 21 329 380 0 0 0 0 828 376 560 294 164 783 531 103 0 776 181 211 817 840 0 373 0 0 725 0 0 299 0 231 0 631 147 163 117 542 844 0 0 0 282 0 199 469 0 0 0 748 92 500 388 470 0 212 471 612 348 160 677 130 65 31 4 0 188 442 460 567 0 0 376 452 0 790 395 265 676 0 0 86 814 850 509 84 334 761 9 427 961 0 162 0 900 209 0 225 4 0 981 0 0 820 0 832 0 277 238 679 0 482 948 0 686 0 576 372 88 0 617 100 927 446 638 268 351 774 0 0 5 0 729 938 32 957 402 591 0 387 187 763 891 171 0 346 661 179 0 0 336 596 263 578 767 340 0 465 842 595 0 0 366 674 464 850 0 700 405 0 863 0 954 947 0 0 311 87 213 0 727 227 736 0 860 739 248 577 966 950 90 579 649 142 851 192 262 76 0 818 765 607 628 402 0 697 127 171 268 26 143 688 0 0 0 397 332 0 959 460 552 653 0 158 0 737 0 795 90 0 414 
0 423 575 0 0 606 79 44 922 778 910 0 288 599 309 879 785 240 985 220 17 466 286 0 0 815 430 0 0 347 574 838 0 0 429 732 993 778 0 0 233 0 591 0 0 32 0 0 0 734 0 378 0 0 522 546 0 12 872 917 660 269 14 501 0 734 30 67 0 243 871 818 731 0 386 0 0 106 179 0 313 801 0 0 644 952 126 160 62 359 194 644 0 664 489 252 132 319 0 696 116 0 696 0 0 576 0 480 755 612 85 293 655 68 319 0 0 721 628 686 681 0 0 0 325 941 943 170 778 442 44 0 966 0 0 0 0 0 277 25 0 163 318 252 714 0 0 712 0 198 306 0 303 0 197 0 376 924 732 0 512 681 833 959 162 0 309 297 783 779 0 0 240 0 584 708 0 138 667 981 840 180 0 84 0 0 711 405 0 850 0 0 757 750 65 903 588 902 0 737 768 151 39 955 540 672 519 544 0 215 449 0 683 786 275 833 583 907 507 60 0 807 878 581 267 848 605 111 0 802 0 0 494 784 167 206 0 0 773 221 0 605 428 0 0 799 239 670 37 142 
0 0 667 0 870 798 0 320 0 675 738 264 816 867 629 672 994 0 864 961 579 0 355 0 131 236 886 937 0 915 0 0 97 0 0 963 841 491 0 0 272 0 327 725 32 0 390 0 439 792 272 0 360 997 292 0 959 12 0 351 585 62 546 357 0 760 844 496 539 329 807 705 91 0 606 0 0 0 874 576 0 565 0 0 725 830 0 0 0 0 613 0 0 0 485 841 710 940 158 0 0 856 26 0 0 0 0 346 638 505 637 508 0 302 864 198 0 165 701 0 0 505 643 0 570 716 556 708 150 0 257 331 641 682 56 0 386 415 175 954 480 0 0 0 0 0 502 0 0 100 0 459 498 605 183 529 303 410 0 510 0 0 0 939 429 0 877 0 999 0 452 724 854 0 28 719 0 36 341 544 0 0 0 254 0 355 835 0 790 961 970 293 660 0 484 240 625 658 81 0 0 160 582 147 486 547 210 45 0 620 456 584 7 0 270 0 866 301 0 0 138 0 0 536 472 560 0 787 466 213 990 727 0 179 0 47 0 987 0 588 282 545 305 614 629 749 0 0 946 952 
0 573 760 645 0 0 655 0 940 769 0 312 510 972 0 5 456 347 13 733 0 876 677 0 0 254 501 0 529 0 73 991 252 373 0 0 0 169 909 629 402 78 446 0 0 390 0 0 136 371 564 877 83 578 982 0 685 0 603 0 31 901 972 7 0 0 89 129 960 742 666 481 841 355 0 0 917 686 437 155 850 38 365 0 985 987 809 183 741 591 703 225 64 0 0 794 371 330 957 442 0 0 567 953 290 24 0 257 0 953 493 764 898 960 262 332 774 916 0 356 0 138 379 0 293 0 0 0 0 528 0 0 768 658 325 832 438 813 979 694 818 789 796 968 0 765 0 0 325 0 630 0 253 337 40 774 989 0 891 222 729 973 610 524 706 84 530 301 985 53 0 635 568 218 201 518 0 624 626 740 693 239 611 867 3 280 756 0 594 863 390 350 147 0 603 98 910 0 881 177 0 747 11 543 833 93 548 132 0 0 931 0 0 0 119 471 418 0 0 50 336 327 658 117 375 0 686 605 0 915 454 0 0 434 788 170 906 177 0 0 675 127 324 351 204 833 854 87 496 0 
0 0 346 789 153 198 0 321 203 799 0 145 783 957 0 841 255 663 0 0 301 545 56 212 0 311 695 779 406 0 515 0 327 0 947 986 844 429 0 0 179 0 0 0 0 0 0 0 632 188 170 806 480 298 759 657 832 480 0 418 360 319 581 286 821 591 0 300 342 328 384 418 702 0 535 649 53 519 643 133 707 791 196 535 141 0 297 811 0 0 511 0 74 891 0 0 562 0 0 0 0 0 739 419 432 572 0 10 0 761 0 963 55 873 0 520 490 0 208 412 815 873 0 317 191 683 0 40 546 360 831 0 222 662 326 0 0 609 438 0 75 0 757 192 731 599 0 706 297 0 0 930 0 0 663 0 444 0 966 0 938 0 605 0 341 515 268 586 216 0 0 818 0 801 35 499 511 0 424 0 507 675 0 0 284 0 0 82 127 0 57 506 0 0 590 640 716 468 0 0 0 889 874 0 746 329 511 0 0 796 0 0 64 196 38 0 118 496 100 0 899 755 330 878 553 442 554 198 0 553 695 565 0 769 0 4 564 676 0 744 43 642 576 597 432 130 0 844 746 63 
