150
0 125 423 0 0 0 0 14 792 298 0 0 0 0 0 0 0 336 0 0 344 80 0 0 0 80 160 234 0 0 0 65 0 456 0 0 0 0 0 316 897 0 355 0 76 0 0 0 0 0 0 0 181 0 0 0 0 962 0 0 0 900 0 0 0 796 764 0 0 0 784 0 0 0 0 0 0 381 0 912 0 0 61 702 0 0 0 0 0 0 0 88 0 0 998 0 0 0 0 0 0 0 0 0 0 863 0 466 0 0 0 808 258 454 0 0 0 184 0 0 898 0 786 47 0 678 0 230 0 0 325 325 0 0 0 0 286 0 0 0 299 0 0 0 910 0 0 0 0 0
125 0 809 0 0 0 0 0 0 0 0 678 0 0 0 0 66 342 0 0 0 0 0 0 609 568 0 0 843 0 0 0 780 442 0 0 0 0 0 0 0 0 0 0 0 0 887 0 0 0 748 934 415 0 0 535 0 0 0 50 0 0 0 136 0 0 0 0 347 0 581 0 0 0 0 0 0 0 0 0 960 78 166 0 451 0 0 0 0 0 0 911 0 0 0 0 0 0 538 0 0 0 0 0 981 0 0 295 486 0 0 0 197 13 13 0 0 0 0 0 0 0 0 292 648 272 0 0 0 0 0 363 277 0 0 0 573 0 0 0 0 0 0 0 0 237 724 0 0 0
423 809 0 338 0 0 0 0 194 92 0 0 456 0 0 0 431 90 0 212 0 0 882 0 707 0 526 0 0 0 836 0 0 0 0 282 0 232 247 0 204 0 0 0 0 0 0 896 221 0 562 973 0 0 0 0 0 0 0 0 0 871 0 0 0 212 471 580 384 0 633 0 0 0 0 0 0 0 956 0 0 0 0 0 0 0 0 0 0 104 178 0 0 353 927 0 0 0 0 0 196 674 0 875 0 0 0 0 641 0 0 0 21 0 0 0 0 0 0 581 0 371 0 0 0 16 315 0 0 808 0 0 0 861 0 0 0 0 136 0 0 0 0 0 129 0 797 0 0 538
0 0 338 0 664 198 0 0 0 0 0 0 0 0 248 0 498 449 0 0 0 0 0 0 0 891 0 56 0 792 0 0 56 0 426 15 897 0 0 603 0 0 0 451 0 0 0 0 466 0 0 0 0 822 0 0 0 459 0 0 0 356 0 0 0 144 301 0 0 276 0 0 127 0 0 337 0 0 0 775 199 343 431 177 204 0 0 0 0 0 0 0 936 0 0 0 0 377 0 0 291 0 0 0 0 0 0 0 88 876 2 0 0 990 857 15 0 0 324 0 0 964 0 0 841 793 0 507 0 0 276 758 169 0 0 0 0 629 53 0 0 667 0 771 0 215 315 0 0 0
0 0 0 664 0 150 0 0 0 0 0 515 0 228 0 208 0 94 745 701 0 0 0 0 0 0 0 0 0 0 0 0 166 0 0 0 0 0 419 893 0 0 0 0 0 0 0 0 0 0 0 0 0 308 0 140 0 0 0 0 0 0 0 0 0 0 0 0 0 0 427 0 0 0 0 0 0 0 0 0 0 0 653 375 0 795 0 987 138 0 4 0 0 0 0 585 0 0 0 0 159 16 0 53 0 0 0 653 957 0 59 0 0 279 0 0 0 267 490 0 0 0 0 0 0 817 0 897 490 105 0 0 0 627 0 0 434 196 472 965 0 0 0 294 0 0 0 0 135 0
0 0 0 198 150 0 565 0 0 0 0 0 296 281 0 15 0 0 327 0 0 0 0 0 549 0 0 0 976 962 0 673 421 0 0 0 0 0 131 925 0 0 0 686 0 0 0 0 494 0 0 0 998 0 0 0 0 0 538 123 0 0 0 0 0 0 0 0 0 0 0 798 0 0 351 805 0 0 911 0 0 0 648 0 731 0 0 779 0 0 0 563 918 0 0 0 0 454 498 0 0 602 0 0 442 0 0 0 0 0 0 0 0 78 291 0 809 429 0 962 0 0 0 0 0 0 0 447 0 959 651 0 432 0 0 893 0 0 33 146 0 0 0 0 0 0 668 0 0 0
0 0 0 0 0 565 0 71 0 0 0 105 0 0 0 0 0 292 698 0 0 133 0 0 0 143 279 891 0 0 562 0 0 0 0 0 0 500 0 0 240 0 0 0 327 937 69 0 0 0 0 0 0 0 0 0 767 0 0 0 0 924 0 742 493 0 0 759 0 0 9 0 0 0 924 676 0 0 1000 0 0 490 0 0 212 0 147 0 352 0 0 819 0 0 896 484 0 729 0 933 0 0 0 0 0 0 682 689 0 0 442 0 0 0 0 0 400 43 0 0 424 0 458 0 0 0 0 0 0 756 4 552 0 50 0 0 891 64 0 816 0 0 0 0 0 677 0 0 0 0
14 0 0 0 0 0 71 0 654 584 0 0 0 0 0 0 0 388 0 0 259 0 0 504 0 147 0 583 0 0 928 0 154 0 0 0 0 0 0 269 68 0 0 0 0 254 0 0 0 0 0 424 891 810 0 0 748 0 0 0 0 0 979 0 0 392 128 121 0 0 0 0 648 0 0 550 0 650 0 0 535 0 442 0 989 527 10 223 0 0 643 0 0 0 0 692 0 0 0 0 162 0 0 0 0 0 0 0 956 0 0 593 0 0 0 118 0 0 591 0 348 47 714 0 0 0 0 939 0 0 0 0 0 0 0 0 0 0 0 514 957 0 0 0 0 0 0 33 220 0
792 0 194 0 0 0 0 654 0 96 0 0 693 0 0 0 907 0 535 0 0 0 0 0 841 915 645 0 0 780 0 583 0 921 945 0 0 504 0 53 0 330 0 920 340 0 820 0 0 559 0 0 0 856 126 312 10 0 933 520 0 0 193 0 0 0 0 0 0 212 0 0 575 0 0 820 602 109 0 0 0 563 821 875 0 0 0 0 0 0 490 0 0 0 37 631 0 665 0 0 0 763 294 0 0 0 672 931 0 0 0 460 773 0 0 0 0 0 0 717 746 0 0 0 0 0 0 0 0 0 0 720 0 0 300 256 0 0 0 0 0 830 164 0 614 603 0 0 0 0
298 0 92 0 0 0 0 584 96 0 763 615 0 0 0 0 592 866 592 711 0 0 0 0 0 0 842 0 0 0 0 574 148 0 0 561 253 0 936 0 0 0 0 986 0 0 0 0 134 0 0 0 67 0 0 0 0 0 0 580 0 296 0 0 409 0 96 0 0 0 0 319 0 0 862 0 0 971 0 0 0 0 0 879 0 0 21 0 0 0 0 0 0 0 440 25 132 0 0 0 888 651 0 0 0 398 0 916 0 0 0 701 0 0 0 0 685 89 947 696 0 911 0 0 0 0 0 0 0 0 0 756 759 0 0 0 0 0 0 0 0 0 0 0 0 0 0 0 0 0
0 0 0 0 0 0 0 0 0 763 0 13 0 0 0 43 0 0 0 0 356 594 211 0 0 0 0 0 138 0 0 0 492 741 367 0 0 0 983 591 307 839 0 0 0 0 0 980 0 740 710 0 0 0 0 0 0 824 243 0 0 0 238 0 0 0 0 810 779 206 0 0 0 0 0 0 0 287 0 0 0 0 0 0 0 91 0 673 0 338 0 0 0 0 0 0 0 628 0 0 0 0 0 0 0 177 0 0 0 0 754 0 0 0 0 586 0 0 0 0 258 0 0 0 0 0 0 0 0 0 0 224 0 0 0 0 383 0 0 203 0 0 0 0 0 0 526 734 298 0
0 678 0 0 515 0 105 0 0 615 13 0 684 204 0 0 0 652 165 0 170 0 0 0 380 0 0 901 67 0 0 0 824 423 810 520 123 750 224 0 0 0 0 0 825 0 0 357 0 0 411 0 0 0 0 0 832 0 0 0 0 0 0 0 0 0 708 0 0 0 549 0 0 0 0 0 978 0 117 908 0 0 883 0 0 229 255 0 0 0 910 274 0 975 0 0 732 0 0 0 998 0 0 0 0 93 0 0 0 0 0 0 186 0 0 203 0 400 0 460 0 0 570 0 275 0 0 0 0 0 0 477 0 0 0 0 0 0 0 0 331 598 0 0 461 0 0 904 0 0
0 0 456 0 0 296 0 0 693 0 0 684 0 533 433 120 0 0 961 859 0 0 0 0 470 214 970 0 0 658 0 0 0 0 0 810 0 0 0 0 0 0 835 770 0 0 0 0 70 0 0 0 0 0 0 739 0 0 0 0 0 0 0 0 0 0 0 30 586 0 0 0 0 0 0 525 87 870 0 0 0 0 705 19 0 0 413 254 0 0 0 0 0 0 237 0 0 0 0 0 573 0 0 0 0 474 0 0 802 463 0 0 0 0 0 826 595 0 0 0 0 0 0 989 0 0 909 276 0 162 0 62 915 0 920 0 0 0 566 0 0 0 592 0 0 417 0 36 469 961
0 0 0 0 228 281 0 0 0 0 0 204 533 0 957 0 0 242 90 0 0 0 0 0 0 0 0 0 0 0 0 970 0 0 0 31 0 0 775 0 67 0 0 951 960 0 0 0 0 0 0 0 0 0 0 0 0 482 48 0 0 0 0 0 0 529 0 0 417 0 32 0 421 279 0 0 909 95 603 0 0 0 0 645 0 0 265 0 0 0 0 636 263 0 0 0 0 0 0 505 600 0 176 198 0 0 0 135 0 0 462 0 0 234 0 0 0 979 0 0 0 660 866 0 0 0 0 555 380 0 0 0 0 960 0 0 0 0 0 0 0 0 0 0 623 0 0 0 511 0
0 0 0 248 0 0 0 0 0 0 0 0 433 957 0 174 0 545 0 0 0 0 0 872 793 685 624 0 34 0 0 0 0 0 0 0 0 751 0 0 0 0 0 0 0 0 232 398 0 651 0 0 0 0 0 0 0 0 0 0 0 0 696 0 0 280 176 939 0 515 0 0 243 47 0 0 0 0 0 434 628 0 0 0 0 266 406 735 0 0 0 361 0 0 807 0 0 0 0 281 0 0 912 138 0 0 0 0 0 458 0 0 0 0 0 72 0 0 0 0 0 723 62 0 0 0 0 0 0 0 0 0 0 0 0 0 0 0 0 759 259 0 0 0 0 0 0 0 0 0
0 0 0 0 208 15 0 0 0 0 43 0 120 0 174 0 962 612 973 0 0 921 0 0 18 0 616 748 0 324 2 0 242 0 0 0 0 0 0 0 0 0 0 6 645 0 295 0 0 0 0 0 0 0 0 0 0 0 0 33 0 0 665 0 890 0 0 746 0 0 162 0 29 0 193 619 0 0 0 832 0 0 0 0 0 0 0 0 0 999 0 0 677 0 0 0 916 0 0 0 724 0 0 395 0 0 0 0 768 0 522 0 495 0 0 0 0 0 0 709 0 0 0 0 0 0 0 0 0 0 0 0 0 77 0 0 0 0 815 0 0 0 0 0 0 0 379 0 0 453
0 66 431 498 0 0 0 0 907 592 0 0 0 0 0 962 0 609 0 0 0 436 64 0 0 0 0 0 0 0 0 0 0 0 0 0 775 654 749 645 908 0 0 0 0 0 21 0 462 0 611 0 0 0 0 0 0 871 0 0 0 229 0 0 0 0 0 0 0 0 0 0 0 378 0 0 0 0 0 571 0 0 0 427 0 0 452 898 0 0 955 576 0 0 896 0 0 0 521 0 0 373 929 0 0 0 627 0 260 0 0 0 0 0 981 0 0 0 137 0 0 0 0 0 962 354 507 374 0 0 0 0 756 0 0 0 0 860 450 0 0 0 926 0 0 0 797 419 0 0
336 342 90 449 94 0 292 388 0 866 0 652 0 242 545 612 609 0 451 0 0 0 0 0 0 0 0 0 0 0 0 837 0 0 219 935 0 0 0 0 0 373 0 0 0 0 0 0 0 0 0 0 42 181 0 681 20 569 0 0 0 0 0 0 895 801 319 621 0 374 951 0 0 0 828 146 0 890 662 0 0 0 0 677 0 0 0 259 653 0 830 0 794 0 0 0 0 0 0 879 0 0 0 846 0 0 0 0 235 0 301 578 0 165 0 0 0 0 0 0 865 342 0 0 506 0 538 175 0 0 0 0 0 0 0 0 0 0 0 971 0 0 0 0 0 127 826 0 0 0
0 0 0 0 745 327 698 0 535 592 0 165 961 90 0 973 0 451 0 45 0 749 968 0 0 0 496 732 939 960 0 0 0 0 578 0 549 972 0 0 0 0 0 986 0 0 0 0 982 0 525 0 0 891 997 220 0 0 0 0 0 698 0 0 0 0 891 0 0 0 274 0 701 0 0 0 0 0 0 0 0 0 0 0 0 0 156 0 0 634 0 0 0 0 0 350 0 0 0 0 0 0 0 0 0 0 0 0 0 647 357 0 0 0 0 623 0 0 843 837 0 501 619 391 0 650 422 0 957 800 0 0 0 153 0 0 616 0 76 0 0 0 0 478 0 0 0 613 0 0
0 0 212 0 701 0 0 0 0 711 0 0 859 0 0 0 0 0 45 0 202 0 37 0 0 0 0 997 0 784 0 0 448 0 0 0 0 0 0 0 0 0 0 572 0 370 0 929 412 0 0 0 973 0 0 0 0 0 56 0 576 0 0 0 0 940 0 509 0 0 755 430 213 0 932 0 0 0 0 308 0 0 0 0 0 786 0 962 572 0 48 0 0 0 0 0 0 695 0 348 0 0 0 301 0 514 195 0 0 8 0 842 0 0 189 0 0 0 0 0 0 0 902 29 0 0 504 0 0 0 171 0 0 0 945 75 0 0 0 0 0 0 492 0 0 887 0 0 266 174
344 0 0 0 0 0 0 259 0 0 356 170 0 0 0 0 0 0 0 202 0 749 0 11 676 686 0 0 0 0 0 0 193 489 0 0 512 39 0 0 113 0 0 678 78 0 253 649 0 0 0 0 0 605 0 0 0 0 63 0 122 0 0 0 624 487 0 0 0 0 0 0 822 0 469 0 487 0 0 885 0 0 315 0 0 0 145 0 706 0 0 0 0 456 730 446 615 0 863 0 567 0 0 359 0 196 0 861 345 0 0 0 0 826 970 0 278 0 52 0 0 0 331 0 0 0 0 0 0 0 0 0 0 0 0 0 0 0 0 0 0 0 0 0 0 0 471 0 0 0
80 0 0 0 0 0 133 0 0 0 594 0 0 0 0 921 436 0 749 0 749 0 169 0 216 0 0 265 0 333 335 0 193 451 443 0 620 546 0 0 0 334 0 0 0 0 0 591 0 0 0 13 292 116 0 0 0 0 435 0 0 0 999 0 0 0 737 132 311 0 0 0 0 921 0 0 0 0 0 0 0 605 0 0 0 0 757 0 0 0 0 980 0 0 909 0 0 0 749 0 0 0 0 0 114 0 0 0 0 0 0 0 0 0 0 0 0 0 0 0 784 0 0 0 0 0 0 613 0 0 0 0 0 581 349 0 18 305 668 0 0 373 35 716 0 0 0 0 0 0
0 0 882 0 0 0 0 0 0 0 211 0 0 0 0 0 64 0 968 37 0 169 0 44 931 0 0 0 0 659 0 0 0 0 0 0 0 962 0 0 0 0 0 0 0 0 0 0 0 0 0 163 360 275 0 0 0 0 773 544 0 0 0 0 0 0 563 817 0 0 0 0 0 0 0 721 949 392 150 0 0 848 0 0 0 766 166 0 0 0 0 849 950 0 337 0 755 0 184 8 0 0 921 0 315 0 0 0 0 601 588 3 323 0 0 492 0 0 0 0 0 0 0 0 222 0 0 0 0 0 0 0 157 0 0 0 302 0 0 0 0 0 0 257 0 0 0 0 0 0
0 0 0 0 0 0 0 504 0 0 0 0 0 0 872 0 0 0 0 0 11 0 44 0 474 253 0 0 0 0 945 0 0 0 0 0 322 167 132 0 0 938 366 432 0 123 0 448 0 0 0 0 641 0 0 1000 0 416 0 0 0 0 0 0 0 0 747 0 756 0 0 367 955 306 0 881 0 0 0 0 0 0 0 0 0 0 0 0 0 0 270 0 0 497 0 0 0 0 383 296 0 954 0 0 0 0 392 418 0 0 0 0 0 286 0 773 0 0 0 0 0 0 0 0 0 0 0 0 0 818 0 0 0 0 389 365 449 0 0 574 0 0 0 97 76 0 0 46 0 0
0 609 707 0 0 549 0 0 841 0 0 380 470 0 793 18 0 0 0 0 676 216 931 474 0 647 0 0 130 0 734 0 0 0 711 0 0 0 0 0 0 0 759 0 0 0 0 292 0 871 0 0 0 220 0 600 495 0 0 0 0 0 0 0 0 608 0 135 797 0 301 0 0 404 732 826 0 0 558 0 0 627 0 203 329 73 0 0 764 0 0 0 0 148 0 0 68 0 0 228 0 519 0 588 0 0 0 0 0 0 0 121 0 0 0 717 0 0 0 975 378 0 470 0 607 390 0 165 291 342 0 0 0 520 0 745 0 826 11 0 118 220 0 935 0 150 4 255 0 728
80 568 0 891 0 0 143 147 915 0 0 0 214 0 685 0 0 0 0 0 686 0 0 253 647 0 20 147 0 0 0 0 0 156 636 898 0 971 0 272 0 0 852 596 0 0 0 53 692 342 0 0 0 0 0 0 0 603 663 0 230 62 0 558 513 0 979 672 0 720 984 0 949 94 999 0 0 863 0 0 0 750 0 569 0 0 0 0 857 0 0 825 154 0 0 747 0 0 0 988 0 0 19 0 0 0 0 0 0 0 0 0 0 0 136 0 0 0 770 0 0 0 681 0 0 0 0 0 0 720 0 0 391 0 0 0 0 977 0 0 383 0 0 0 879 796 0 0 71 0
160 0 526 0 0 0 279 0 645 842 0 0 970 0 624 616 0 0 496 0 0 0 0 0 0 20 0 798 0 0 933 720 0 0 288 0 0 176 0 750 0 0 0 0 208 0 0 0 0 0 0 0 284 0 0 779 540 0 603 697 871 0 52 0 622 0 0 0 0 0 0 0 0 0 0 0 0 0 0 0 0 0 0 0 554 0 0 0 526 255 0 0 0 276 0 677 0 0 0 0 0 0 967 0 0 0 0 0 0 835 0 0 0 0 0 0 736 0 0 0 0 352 0 0 0 402 536 0 0 0 543 0 988 0 0 0 0 0 619 0 0 0 0 0 0 792 0 0 177 326
234 0 0 56 0 0 891 583 0 0 0 901 0 0 0 748 0 0 732 997 0 265 0 0 0 147 798 0 771 0 0 0 0 0 0 720 0 0 0 0 337 0 0 0 52 59 0 0 0 305 224 0 0 0 0 0 27 0 0 273 0 456 0 0 0 0 0 0 238 0 0 902 0 0 0 599 0 0 0 0 152 0 0 0 0 0 0 0 633 0 0 0 0 0 0 808 880 0 0 0 0 0 0 575 0 0 191 0 675 0 0 0 0 0 0 0 209 461 827 0 0 0 0 165 0 900 0 0 0 0 536 333 0 0 0 0 0 0 0 0 0 0 0 100 0 993 0 576 0 0
0 843 0 0 0 976 0 0 0 0 138 67 0 0 34 0 0 0 939 0 0 0 0 0 130 0 0 771 0 28 0 666 0 78 0 412 373 0 0 0 0 122 0 744 0 901 456 0 190 0 0 0 0 464 0 742 0 752 575 127 0 0 0 459 714 0 417 112 0 0 481 0 0 0 0 0 679 517 0 972 0 121 334 790 20 0 0 957 0 0 0 0 0 126 0 0 928 420 0 685 160 0 0 0 182 0 658 0 0 331 0 567 78 0 0 962 953 0 104 0 0 0 0 502 0 0 353 122 0 412 0 0 0 0 441 870 0 0 565 735 0 818 0 0 614 0 361 0 213 0
0 0 0 792 0 962 0 0 780 0 0 0 658 0 0 324 0 0 960 784 0 333 659 0 0 0 0 0 28 0 113 0 0 0 966 0 0 0 0 12 0 0 981 0 0 0 0 0 0 0 638 0 322 0 692 0 0 0 0 0 69 0 0 0 683 0 892 0 0 281 0 0 0 0 0 780 0 180 823 0 0 199 953 0 0 0 0 0 0 0 0 0 0 748 966 912 0 0 287 0 0 0 924 0 0 0 424 0 492 60 0 0 521 0 0 0 131 0 0 0 0 0 0 0 760 0 136 211 344 0 0 0 0 0 913 0 0 0 0 0 0 0 0 0 0 0 0 428 0 0
0 0 836 0 0 0 562 928 0 0 0 0 0 0 0 2 0 0 0 0 0 335 0 945 734 0 933 0 0 113 0 693 0 860 617 0 0 2 355 0 0 0 0 0 0 0 344 0 0 0 0 0 125 0 0 0 296 0 0 606 834 0 628 0 0 0 0 0 359 0 140 0 0 0 659 106 316 0 0 0 938 316 0 506 0 325 742 0 0 0 0 0 891 499 0 0 889 0 0 186 0 200 0 601 909 471 348 547 0 567 0 0 0 0 0 0 0 0 0 399 0 0 0 794 956 0 0 0 0 0 0 988 0 0 0 0 891 224 0 0 977 898 0 0 0 0 796 0 57 0
65 0 0 0 0 673 0 0 583 574 0 0 0 970 0 0 0 837 0 0 0 0 0 0 0 0 720 0 666 0 693 0 504 0 0 0 672 51 720 382 0 460 676 0 0 0 0 0 300 956 0 0 0 0 0 0 0 0 930 93 0 0 0 0 129 255 0 0 0 810 0 818 0 0 0 0 0 0 0 0 0 927 0 0 0 0 0 0 711 0 486 0 0 515 0 0 0 0 438 629 0 0 0 0 0 0 0 0 755 0 924 0 0 0 0 0 0 0 0 0 0 0 0 0 140 185 362 0 0 0 291 138 0 291 79 0 0 0 828 0 0 0 0 749 0 459 185 0 0 723
0 780 0 56 166 421 0 154 0 148 492 824 0 0 0 242 0 0 0 448 193 193 0 0 0 0 0 0 0 0 0 504 0 273 493 756 570 859 0 157 0 0 0 0 478 0 0 75 126 560 0 0 0 89 0 0 0 0 0 0 425 751 33 0 0 0 0 279 0 0 0 0 0 0 0 0 0 0 0 0 0 633 793 759 0 662 392 0 0 353 0 0 0 0 0 676 0 0 0 495 0 0 0 0 0 0 0 0 0 0 0 154 0 5 265 0 0 0 0 580 328 0 0 0 0 626 0 802 0 194 0 0 0 0 818 0 31 0 391 0 914 0 552 0 966 0 0 0 959 709
456 442 0 0 0 0 0 0 921 0 741 423 0 0 0 0 0 0 0 0 489 451 0 0 0 156 0 0 78 0 860 0 273 0 31 0 62 81 419 0 0 25 0 0 0 568 672 0 0 0 0 0 811 765 0 769 0 869 728 0 0 0 294 0 0 0 149 0 0 0 0 100 211 0 0 0 338 0 0 0 0 0 0 0 209 0 0 160 0 0 0 0 0 0 549 772 0 567 346 0 0 957 0 0 0 0 0 0 0 859 0 0 0 0 154 0 426 0 0 0 0 0 0 0 0 0 288 413 0 0 407 0 0 0 707 550 0 0 0 0 0 0 0 744 0 0 0 199 0 145
0 0 0 426 0 0 0 0 945 0 367 810 0 0 0 0 0 219 578 0 0 443 0 0 711 636 288 0 0 966 617 0 493 31 0 519 0 0 0 0 0 0 0 0 599 0 0 0 0 0 0 0 998 690 600 0 0 0 0 0 0 0 0 613 0 0 0 292 0 0 600 0 0 0 0 62 0 0 0 237 47 0 0 515 0 0 0 0 289 0 0 0 790 958 0 0 0 0 724 0 0 0 220 0 0 0 0 0 640 86 165 0 0 0 0 0 876 0 0 0 0 945 424 237 0 0 0 610 0 0 203 566 0 0 708 0 0 0 0 0 0 0 0 0 485 0 560 0 0 0
0 0 282 15 0 0 0 0 0 561 0 520 810 31 0 0 0 935 0 0 0 0 0 0 0 898 0 720 412 0 0 0 756 0 519 0 422 797 0 0 0 0 0 0 0 0 0 0 0 0 0 0 0 351 0 515 0 480 0 809 0 0 0 75 0 84 188 442 451 402 0 0 0 1000 0 0 709 0 739 0 0 0 910 0 0 67 403 875 654 0 0 830 243 936 0 989 0 335 0 0 0 0 0 0 0 492 0 0 0 576 0 0 0 0 0 0 0 568 0 0 0 0 0 0 431 0 751 0 0 0 0 0 34 0 0 0 0 0 0 161 770 0 0 0 0 0 0 0 76 0
0 0 0 897 0 0 0 0 0 253 0 123 0 0 0 0 775 0 549 0 512 620 0 322 0 0 0 0 373 0 0 672 570 62 0 422 0 947 0 0 0 0 0 0 444 922 0 631 0 240 0 0 547 0 0 0 0 0 0 737 0 0 0 955 0 0 0 852 0 617 0 0 0 0 455 0 0 0 0 0 0 776 0 361 398 0 0 0 0 0 0 846 0 556 886 466 0 229 0 0 0 0 0 0 0 0 0 821 0 358 0 0 0 312 0 0 0 0 0 553 0 0 0 0 601 0 0 0 382 282 0 0 0 704 0 0 400 392 842 0 0 0 865 0 362 996 0 754 0 429
0 0 232 0 0 0 500 0 504 0 0 750 0 0 751 0 654 0 972 0 39 546 962 167 0 971 176 0 0 0 2 51 859 81 0 797 947 0 589 772 0 686 0 6 598 0 0 0 0 0 0 901 0 190 0 0 0 292 0 0 0 14 60 0 0 0 0 0 0 0 0 0 0 0 0 0 0 492 0 183 295 0 723 965 0 940 0 0 0 0 0 0 880 0 0 0 0 0 0 0 0 669 0 0 0 0 0 0 0 0 517 0 560 259 0 847 0 0 0 0 0 0 0 387 0 0 274 0 0 0 0 0 366 0 577 0 0 0 0 495 0 0 0 0 0 752 712 904 0 0
0 0 247 0 419 131 0 0 0 936 983 224 0 775 0 0 749 0 0 0 0 0 0 132 0 0 0 0 0 0 355 720 0 419 0 0 0 589 0 428 0 0 0 0 0 0 595 347 0 0 0 0 0 657 0 523 369 901 0 0 0 599 0 528 0 0 0 0 87 0 0 0 0 0 0 0 176 679 257 0 553 0 241 0 0 0 994 852 0 870 163 0 0 589 0 0 0 220 0 201 0 0 0 0 0 0 760 0 0 923 0 0 0 0 141 0 0 0 0 502 41 0 0 0 992 0 34 0 0 878 0 0 0 0 0 98 0 668 0 0 0 755 0 0 0 0 0 0 0 0
316 0 0 603 893 925 0 269 53 0 591 0 0 0 0 0 645 0 0 0 0 0 0 0 0 272 750 0 0 12 0 382 157 0 0 0 0 772 428 0 43 0 0 376 137 0 0 0 0 0 0 0 0 463 504 0 0 0 0 270 0 0 0 499 0 0 865 113 681 0 918 311 0 0 443 0 331 0 881 735 0 560 0 169 790 0 0 948 0 874 0 0 0 31 0 0 0 0 0 0 0 0 0 0 0 0 0 0 0 0 0 0 131 0 0 0 0 862 449 0 0 0 0 0 0 0 0 0 716 25 978 156 0 308 983 0 41 737 0 0 543 878 0 792 0 0 0 521 0 796
897 0 204 0 0 0 240 68 0 0 307 0 0 67 0 0 908 0 0 0 113 0 0 0 0 0 0 337 0 0 0 0 0 0 0 0 0 0 0 43 0 352 103 895 0 995 0 0 278 0 0 0 0 0 321 0 0 0 0 0 0 0 167 0 0 766 0 0 0 0 0 0 0 0 0 0 267 0 378 0 0 0 323 0 837 0 606 153 0 0 0 0 0 766 0 490 0 0 836 0 0 777 0 637 0 0 0 0 0 0 11 725 0 0 0 847 766 0 0 0 0 0 45 0 131 0 0 526 0 0 684 297 380 0 0 0 0 0 707 31 327 0 0 0 0 0 0 401 0 155
0 0 0 0 0 0 0 0 330 0 839 0 0 0 0 0 0 373 0 0 0 334 0 938 0 0 0 0 122 0 0 460 0 25 0 0 0 686 0 0 352 0 440 0 451 0 540 0 0 0 0 0 0 0 363 0 0 0 0 779 0 749 0 0 0 0 0 0 0 619 311 219 0 0 0 0 0 0 0 0 0 0 0 0 0 0 0 0 0 0 0 0 0 0 833 0 0 0 0 121 835 0 0 0 0 879 0 0 0 0 0 586 0 0 0 78 0 0 890 0 0 0 231 0 746 0 0 0 583 774 622 0 369 0 555 0 0 649 22 356 0 0 353 0 0 0 0 927 547 366
355 0 0 0 0 0 0 0 0 0 0 0 835 0 0 0 0 0 0 0 0 0 0 366 759 852 0 0 0 981 0 676 0 0 0 0 0 0 0 0 103 440 0 78 0 489 0 255 485 0 0 0 0 0 298 0 0 521 0 0 0 339 402 0 608 0 198 816 0 0 0 0 0 0 0 0 0 0 686 0 0 0 0 0 0 0 0 0 373 355 963 0 0 163 0 0 0 635 0 0 0 0 0 51 0 0 385 95 0 710 0 0 810 0 441 0 0 0 0 0 164 0 0 307 0 0 0 0 0 0 0 0 0 0 0 0 67 322 806 0 0 214 0 0 0 0 0 0 0 807
0 0 0 451 0 686 0 0 920 986 0 0 770 951 0 6 0 0 986 572 678 0 0 432 0 596 0 0 744 0 0 0 0 0 0 0 0 6 0 376 895 0 78 0 236 0 0 0 0 202 0 0 0 172 845 0 0 748 0 0 0 821 608 309 0 81 922 0 0 0 0 0 0 0 0 0 0 0 0 0 0 0 0 452 0 0 0 0 0 0 0 0 969 0 616 555 0 0 0 497 0 0 0 0 0 0 157 316 0 3 0 0 491 0 0 0 0 0 0 0 249 745 212 0 0 0 0 0 0 0 287 0 980 38 0 0 142 0 0 0 0 0 0 0 830 0 717 0 0 0
76 0 0 0 0 0 327 0 340 0 0 825 0 960 0 645 0 0 0 0 78 0 0 0 0 0 208 52 0 0 0 0 478 0 599 0 444 598 0 137 0 451 0 236 0 748 0 0 0 0 0 0 0 0 0 573 0 664 0 359 0 0 0 0 320 0 0 0 0 0 150 0 0 0 0 0 0 0 881 413 0 644 335 0 605 0 0 649 286 0 0 0 0 0 0 433 0 961 0 0 0 110 0 0 0 0 426 0 0 114 597 0 0 315 104 0 454 0 295 174 0 0 0 440 0 0 0 0 0 0 0 0 0 907 0 0 0 0 139 0 0 936 0 0 0 0 0 0 595 0
0 0 0 0 0 0 937 254 0 0 0 0 0 0 0 0 0 0 0 370 0 0 0 123 0 0 0 59 901 0 0 0 0 568 0 0 922 0 0 0 995 0 489 0 748 0 252 0 379 0 0 761 66 749 0 0 150 889 0 151 0 0 0 0 0 949 951 0 0 0 0 0 0 0 394 579 0 0 0 0 0 875 0 0 412 0 865 0 730 0 0 0 0 0 0 0 828 0 0 0 226 0 0 0 0 172 0 0 327 0 700 725 0 632 83 0 887 0 0 0 0 652 0 812 981 0 0 0 0 0 0 343 922 0 0 689 573 386 150 0 553 102 0 0 0 669 0 0 0 14
0 887 0 0 0 0 69 0 820 0 0 0 0 0 232 295 21 0 0 0 253 0 0 0 0 0 0 0 456 0 344 0 0 672 0 0 0 0 595 0 0 540 0 0 0 252 0 197 0 0 318 757 0 0 0 503 504 0 0 0 165 0 0 0 0 0 0 0 0 138 0 0 0 0 0 0 0 547 0 795 0 561 0 0 497 442 0 540 712 0 976 0 515 0 0 0 0 0 0 0 0 0 0 0 0 393 0 860 639 0 0 40 0 0 317 0 0 0 0 0 391 0 356 0 529 0 0 0 617 0 0 0 0 0 0 0 713 0 548 0 0 0 0 0 0 0 0 504 0 0
0 0 896 0 0 0 0 0 0 0 980 357 0 0 398 0 0 0 0 929 649 591 0 448 292 53 0 0 0 0 0 0 75 0 0 0 631 0 347 0 0 0 255 0 0 0 197 0 356 0 0 283 0 0 0 0 609 0 0 553 880 0 0 0 952 0 0 0 0 824 0 0 198 189 115 174 861 0 0 0 0 0 264 0 0 0 547 0 697 0 0 0 0 438 0 100 0 764 0 0 0 0 598 0 0 0 0 0 0 0 0 0 0 0 0 778 531 379 0 0 40 674 625 0 503 0 0 0 0 0 0 181 0 0 0 0 0 0 648 0 0 0 0 151 0 0 0 292 0 0
0 0 221 466 0 494 0 0 0 134 0 0 70 0 0 0 462 0 982 412 0 0 0 0 0 692 0 0 190 0 0 300 126 0 0 0 0 0 0 0 278 0 485 0 0 379 0 356 0 54 0 0 121 187 0 540 610 0 0 0 399 301 0 0 160 582 0 768 0 514 0 0 0 0 0 0 0 0 509 0 0 832 0 0 0 0 0 0 100 0 0 0 0 0 148 507 0 0 0 726 0 0 290 0 0 0 0 0 0 0 0 359 0 0 0 0 0 0 105 0 0 0 0 243 629 429 0 0 0 0 618 0 0 60 0 0 671 0 0 0 0 970 371 0 0 0 564 0 0 0
0 0 0 0 0 0 0 0 559 0 740 0 0 0 651 0 0 0 0 0 0 0 0 0 871 342 0 305 0 0 0 956 560 0 0 0 240 0 0 0 0 0 0 202 0 0 0 0 54 0 594 0 0 0 0 0 0 0 0 0 597 0 0 0 0 0 320 0 0 0 0 0 0 0 0 0 0 0 239 733 897 0 0 0 0 0 931 755 278 0 0 0 0 0 0 0 0 0 0 0 0 0 0 232 455 0 827 0 0 0 0 0 0 0 0 74 0 0 0 0 0 702 0 171 472 803 543 151 0 0 0 0 0 969 0 782 0 0 0 0 0 781 295 0 905 0 628 0 918 792
0 748 562 0 0 0 0 0 0 0 710 411 0 0 0 0 611 0 525 0 0 0 0 0 0 0 0 224 0 638 0 0 0 0 0 0 0 0 0 0 0 0 0 0 0 0 318 0 0 594 0 909 0 362 0 0 715 0 966 578 724 0 0 0 0 0 0 0 0 0 0 0 632 0 0 0 184 0 0 25 483 0 0 74 0 44 0 0 970 0 0 0 0 0 22 907 0 0 0 0 29 452 475 0 0 0 0 543 0 0 0 0 976 0 0 231 620 0 0 0 0 0 0 0 903 0 0 0 449 0 0 0 0 266 0 709 0 265 0 0 0 0 0 0 0 0 0 212 0 715
0 934 973 0 0 0 0 424 0 0 0 0 0 0 0 0 0 0 0 0 0 13 163 0 0 0 0 0 0 0 0 0 0 0 0 0 0 901 0 0 0 0 0 0 0 761 757 283 0 0 909 0 802 307 0 0 0 0 725 382 328 0 891 0 0 0 0 0 0 0 0 0 0 0 55 0 0 0 0 526 0 0 0 405 0 0 567 903 51 604 932 0 0 0 0 549 0 0 980 316 0 70 0 964 61 0 0 0 0 0 748 481 0 0 0 0 754 685 0 0 777 0 835 248 0 725 0 0 0 559 0 0 0 0 0 0 0 0 0 0 0 127 0 0 0 326 73 0 0 522
181 415 0 0 0 998 0 891 0 67 0 0 0 0 0 0 0 42 0 973 0 292 360 641 0 0 284 0 0 322 125 0 0 811 998 0 547 0 0 0 0 0 0 0 0 66 0 0 121 0 0 802 0 762 490 59 125 0 0 672 0 0 0 0 0 226 838 0 0 615 0 0 0 373 0 0 0 0 0 0 0 778 0 557 221 0 0 0 0 0 0 0 0 0 0 0 842 0 0 0 0 0 0 0 2 0 0 0 694 0 0 0 0 0 0 0 0 0 0 0 0 0 192 0 0 0 945 0 0 477 0 0 0 0 770 0 0 544 39 0 0 0 178 0 0 653 527 0 0 0
0 0 0 822 308 0 0 810 856 0 0 0 0 0 0 0 0 181 891 0 605 116 275 0 220 0 0 0 464 0 0 0 89 765 690 351 0 190 657 463 0 0 0 172 0 749 0 0 187 0 362 307 762 0 305 0 0 0 0 484 899 0 0 0 0 652 105 0 45 0 0 0 0 686 0 0 0 0 407 163 0 0 0 584 0 172 0 0 0 232 959 0 0 630 652 0 0 0 0 28 0 112 0 0 0 0 0 0 0 230 940 167 0 0 0 0 34 0 839 0 0 0 0 0 0 0 966 0 0 0 0 28 47 0 0 0 991 192 0 0 0 520 321 162 831 901 305 0 219 0
0 0 0 0 0 0 0 0 126 0 0 0 0 0 0 0 0 0 997 0 0 0 0 0 0 0 0 0 0 692 0 0 0 0 600 0 0 0 0 504 321 363 298 845 0 0 0 0 0 0 0 0 490 305 0 627 0 0 0 0 0 8 369 579 0 0 0 0 0 0 0 647 0 0 0 0 0 0 918 0 0 0 0 732 704 0 0 0 972 0 124 941 0 0 0 0 0 506 153 0 0 0 0 0 109 0 0 0 0 295 0 608 0 0 0 0 0 0 0 48 0 66 0 0 0 0 787 0 0 108 0 0 0 0 76 707 0 0 761 0 568 0 0 0 896 0 299 384 0 0
0 535 0 0 140 0 0 0 312 0 0 0 739 0 0 0 0 681 220 0 0 0 0 1000 600 0 779 0 742 0 0 0 0 769 0 515 0 0 523 0 0 0 0 0 573 0 503 0 540 0 0 0 59 0 627 0 408 259 0 0 0 67 0 0 0 0 742 0 0 722 0 784 0 0 0 0 95 0 471 0 320 0 0 802 0 0 976 0 0 0 0 0 0 396 0 0 242 0 611 0 0 591 0 0 0 0 773 914 3 297 0 529 601 0 0 0 0 0 0 0 0 0 35 0 0 0 0 0 266 0 0 162 0 0 0 0 827 524 0 0 0 0 901 0 0 0 0 0 121 0
0 0 0 0 0 0 767 748 10 0 0 832 0 0 0 0 0 20 0 0 0 0 0 0 495 0 540 27 0 0 296 0 0 0 0 0 0 0 369 0 0 0 0 0 0 150 504 609 610 0 715 0 125 0 0 408 0 676 0 0 0 0 857 0 340 0 0 0 819 0 0 0 0 0 0 412 0 205 0 0 404 385 0 0 0 175 0 0 0 0 478 0 0 0 0 0 672 0 713 0 373 0 0 0 0 0 0 0 0 0 0 0 200 0 0 0 0 0 0 824 0 0 0 0 0 0 0 186 0 0 0 0 0 377 0 0 0 0 921 0 0 0 0 0 0 0 0 0 0 991
962 0 0 459 0 0 0 0 0 0 824 0 0 482 0 0 871 569 0 0 0 0 0 416 0 603 0 0 752 0 0 0 0 869 0 480 0 292 901 0 0 0 521 748 664 889 0 0 0 0 0 0 0 0 0 259 676 0 777 0 0 590 0 0 0 0 0 0 0 42 0 0 0 0 0 0 0 0 0 307 0 0 657 0 0 0 0 0 0 0 0 0 0 926 0 0 946 0 0 0 128 0 0 232 844 0 64 0 202 0 0 0 0 0 0 493 0 0 786 0 0 0 0 210 595 611 0 0 0 0 79 433 0 0 0 0 0 0 0 0 0 0 0 0 0 0 0 0 0 14
0 0 0 0 0 538 0 0 933 0 243 0 0 48 0 0 0 0 0 56 63 435 773 0 0 663 603 0 575 0 0 930 0 728 0 0 0 0 0 0 0 0 0 0 0 0 0 0 0 0 966 725 0 0 0 0 0 777 0 531 0 1 0 860 0 0 0 0 0 0 0 354 0 0 430 0 186 0 0 0 0 0 0 0 258 0 0 0 0 0 0 0 0 777 0 0 0 0 0 0 909 0 758 0 0 410 0 0 336 0 0 345 0 0 731 897 0 0 0 804 63 231 839 0 0 426 907 0 0 0 0 0 0 0 0 0 709 768 0 0 0 0 0 978 0 0 0 486 0 0
0 50 0 0 0 123 0 0 520 580 0 0 0 0 0 33 0 0 0 0 0 0 544 0 0 0 697 273 127 0 606 93 0 0 0 809 737 0 0 270 0 779 0 0 359 151 0 553 0 0 578 382 672 484 0 0 0 0 531 0 55 0 0 0 0 0 0 0 207 0 459 0 0 266 0 990 0 0 0 0 0 0 147 611 0 449 784 0 0 0 0 0 0 0 0 0 73 741 729 0 838 0 0 0 0 0 0 236 805 127 0 0 43 0 0 0 0 836 0 0 436 0 0 0 0 0 502 846 445 0 0 297 0 0 0 0 0 0 0 402 0 0 118 842 0 95 68 559 0 0
0 0 0 0 0 0 0 0 0 0 0 0 0 0 0 0 0 0 0 576 122 0 0 0 0 230 871 0 0 69 834 0 425 0 0 0 0 0 0 0 0 0 0 0 0 0 165 880 399 597 724 328 0 899 0 0 0 0 0 55 0 241 0 0 859 457 0 0 583 352 585 0 0 0 0 0 0 772 0 0 0 0 0 0 0 50 0 0 0 0 0 0 0 667 0 646 838 0 825 0 245 0 145 8 884 478 0 0 164 0 0 0 861 0 0 668 456 0 0 0 974 0 0 0 0 0 0 461 0 278 676 700 0 0 0 0 0 0 0 0 0 220 421 0 0 0 0 0 0 980
900 0 871 356 0 0 924 0 0 296 0 0 0 0 0 0 229 0 698 0 0 0 0 0 0 62 0 456 0 0 0 0 751 0 0 0 0 14 599 0 0 749 339 821 0 0 0 0 301 0 0 0 0 0 8 67 0 590 1 0 241 0 223 0 0 0 0 0 405 0 0 0 0 0 428 107 0 0 987 0 0 0 689 0 0 108 889 0 0 654 0 502 0 0 0 0 0 412 0 0 0 0 0 0 0 0 0 761 0 0 877 540 649 217 0 0 869 0 498 0 0 0 0 0 124 0 537 0 36 90 0 612 0 227 0 0 198 440 725 425 0 0 415 0 0 0 558 967 0 0
0 0 0 0 0 0 0 979 193 0 238 0 0 0 696 665 0 0 0 0 0 999 0 0 0 0 52 0 0 0 628 0 33 294 0 0 0 60 0 0 167 0 402 608 0 0 0 0 0 0 0 891 0 0 369 0 857 0 0 0 0 223 0 910 0 0 0 0 0 0 465 0 0 0 307 0 254 0 0 500 253 0 0 0 0 0 0 0 0 0 0 0 0 736 0 401 0 0 0 0 415 0 0 0 16 0 0 173 0 0 520 89 731 889 0 0 0 328 0 0 0 0 0 0 0 460 0 912 0 0 0 703 0 0 284 566 0 98 995 0 0 0 346 0 0 0 0 662 987 859
0 136 0 0 0 0 742 0 0 0 0 0 0 0 0 0 0 0 0 0 0 0 0 0 0 558 0 0 459 0 0 0 0 0 613 75 955 0 528 499 0 0 0 309 0 0 0 0 0 0 0 0 0 0 579 0 0 0 860 0 0 0 910 0 513 0 0 659 0 0 0 256 751 0 0 0 621 0 0 279 0 0 0 0 0 0 0 0 437 0 309 0 734 127 0 280 296 0 0 0 0 696 0 0 0 0 0 0 0 0 0 0 0 0 0 0 0 0 0 578 0 173 0 0 0 0 0 0 520 845 0 0 291 0 884 0 0 0 0 0 36 0 976 0 0 0 701 0 0 0
0 0 0 0 0 0 493 0 0 409 0 0 0 0 0 890 0 895 0 0 624 0 0 0 0 513 622 0 714 683 0 129 0 0 0 0 0 0 0 0 0 0 608 0 320 0 0 952 160 0 0 0 0 0 0 0 340 0 0 0 859 0 0 513 0 605 785 997 0 0 0 574 561 0 190 0 0 0 71 738 412 0 0 0 174 0 0 0 0 0 0 0 212 0 829 0 0 0 0 0 0 63 0 0 36 351 0 0 0 765 0 0 0 0 851 423 0 0 0 410 0 0 492 0 0 0 0 0 986 275 0 0 934 0 0 0 0 0 0 0 0 0 983 0 0 0 615 0 0 0
796 0 212 144 0 0 0 392 0 0 0 0 0 529 280 0 0 801 0 940 487 0 0 0 608 0 0 0 0 0 0 255 0 0 0 84 0 0 0 0 766 0 0 81 0 949 0 0 582 0 0 0 226 652 0 0 0 0 0 0 457 0 0 0 605 0 429 136 98 0 0 0 388 0 17 0 0 0 0 0 0 0 0 0 49 955 23 0 510 0 112 0 0 0 57 0 0 0 315 530 622 0 0 523 584 0 0 0 0 507 0 122 0 0 548 0 508 0 904 0 0 0 0 0 279 759 0 385 0 108 0 970 0 0 0 0 0 0 0 0 0 0 345 928 0 0 0 327 0 345
764 0 471 301 0 0 0 128 0 96 0 708 0 0 176 0 0 319 891 0 0 737 563 747 0 979 0 0 417 892 0 0 0 149 0 188 0 0 0 865 0 0 198 922 0 951 0 0 0 320 0 0 838 105 0 742 0 0 0 0 0 0 0 0 785 429 0 286 0 951 0 0 0 0 0 0 621 0 0 535 431 0 702 0 875 770 0 0 0 0 932 0 49 0 973 0 287 700 0 0 339 0 0 0 0 832 822 0 0 0 0 0 0 0 0 0 866 0 240 0 0 225 0 0 0 887 0 685 0 0 0 0 0 0 0 0 872 0 0 0 0 0 0 0 531 0 0 0 0 665
0 0 580 0 0 0 759 121 0 0 810 0 30 0 939 746 0 621 0 509 0 132 817 0 135 672 0 0 112 0 0 0 279 0 292 442 852 0 0 113 0 0 816 0 0 0 0 0 768 0 0 0 0 0 0 0 0 0 0 0 0 0 0 659 997 136 286 0 904 0 0 0 0 0 0 0 308 0 348 0 0 775 0 0 0 289 192 0 540 774 206 0 263 0 724 0 985 0 177 0 0 0 0 0 0 0 0 0 0 0 0 399 0 430 0 0 845 510 211 165 0 618 0 487 0 0 295 0 619 0 0 0 403 0 0 296 318 0 0 775 0 0 0 603 0 745 0 0 0 0
0 347 384 0 0 0 0 0 0 0 779 0 586 417 0 0 0 0 0 0 0 311 0 756 797 0 0 238 0 0 359 0 0 0 0 451 0 0 87 681 0 0 0 0 0 0 0 0 0 0 0 0 0 45 0 0 819 0 0 207 583 405 0 0 0 98 0 904 0 17 0 0 0 0 0 660 0 0 0 499 0 0 0 999 0 0 0 0 829 644 644 632 0 0 103 0 0 0 0 0 715 0 0 0 0 0 0 0 0 0 0 896 0 71 0 0 0 0 0 0 998 0 0 0 0 0 0 0 0 431 76 609 0 0 501 0 0 197 0 0 0 988 757 0 955 518 0 0 0 0
0 0 0 276 0 0 0 0 212 0 206 0 0 0 515 0 0 374 0 0 0 0 0 0 0 720 0 0 0 281 0 810 0 0 0 402 617 0 0 0 0 619 0 0 0 0 138 824 514 0 0 0 615 0 0 722 0 42 0 0 352 0 0 0 0 0 951 0 17 0 713 0 0 0 0 47 95 686 0 0 892 0 129 0 0 0 0 0 0 0 608 0 0 0 549 898 564 0 597 0 155 511 0 0 0 712 594 755 263 0 0 0 0 537 120 806 0 0 110 0 0 872 0 0 0 0 0 0 313 0 815 138 0 0 665 684 0 0 0 809 0 0 265 779 0 191 566 0 0 0
784 581 633 0 427 0 9 0 0 0 0 549 0 32 0 162 0 951 274 755 0 0 0 0 301 984 0 0 481 0 140 0 0 0 600 0 0 0 0 918 0 311 0 0 150 0 0 0 0 0 0 0 0 0 0 0 0 0 0 459 585 0 465 0 0 0 0 0 0 713 0 946 0 0 0 0 0 0 48 709 397 0 0 0 0 0 0 0 0 0 329 0 0 0 0 0 0 128 0 0 0 863 0 0 567 0 0 0 785 0 502 365 0 712 0 0 0 0 0 0 0 0 0 507 496 217 0 477 0 808 0 0 0 0 0 0 911 0 0 0 756 0 0 0 0 0 39 0 0 4
0 0 0 0 0 798 0 0 0 319 0 0 0 0 0 0 0 0 0 430 0 0 0 367 0 0 0 902 0 0 0 818 0 100 0 0 0 0 0 311 0 219 0 0 0 0 0 0 0 0 0 0 0 0 647 784 0 0 354 0 0 0 0 256 574 0 0 0 0 0 946 0 368 259 0 0 0 0 0 0 0 0 362 0 0 300 0 0 104 0 218 0 0 0 0 0 0 0 0 0 0 0 0 655 0 0 592 0 0 713 389 0 938 0 328 240 0 0 0 0 0 923 907 0 0 0 557 394 0 0 0 0 382 0 0 0 634 367 0 476 0 714 0 0 0 576 302 54 0 452
0 0 0 127 0 0 0 648 575 0 0 0 0 421 243 29 0 0 701 213 822 0 0 955 0 949 0 0 0 0 0 0 0 211 0 0 0 0 0 0 0 0 0 0 0 0 0 198 0 0 632 0 0 0 0 0 0 0 0 0 0 0 0 751 561 388 0 0 0 0 0 368 0 152 0 55 746 396 593 117 0 0 0 0 0 385 0 0 0 0 0 0 949 0 536 0 0 0 0 0 0 960 0 770 317 323 0 0 0 0 0 0 933 0 0 700 0 0 0 706 0 0 0 0 0 0 377 0 0 0 0 0 905 0 0 0 0 0 841 0 747 0 212 0 0 0 0 0 0 235
0 0 0 0 0 0 0 0 0 0 0 0 0 279 47 0 378 0 0 0 0 921 0 306 404 94 0 0 0 0 0 0 0 0 0 1000 0 0 0 0 0 0 0 0 0 0 0 189 0 0 0 0 373 686 0 0 0 0 0 266 0 0 0 0 0 0 0 0 0 0 0 259 152 0 375 0 55 0 0 0 876 0 398 667 715 0 0 0 0 0 720 0 0 800 0 607 244 333 48 163 0 0 0 0 0 0 0 0 365 428 698 0 933 0 0 0 748 406 170 393 0 0 0 0 0 797 0 523 279 0 367 496 0 0 0 0 0 644 956 0 52 0 0 0 0 0 0 0 0 643
0 0 0 0 0 351 924 0 0 862 0 0 0 0 0 193 0 828 0 932 469 0 0 0 732 999 0 0 0 0 659 0 0 0 0 0 455 0 0 443 0 0 0 0 0 394 0 115 0 0 0 55 0 0 0 0 0 0 430 0 0 428 307 0 190 17 0 0 0 0 0 0 0 375 0 604 0 495 278 0 0 0 0 0 453 0 0 0 0 0 457 0 767 0 724 818 0 0 16 0 0 0 109 0 0 0 178 426 0 715 0 0 818 0 0 162 215 389 383 0 696 0 0 580 0 0 0 554 0 273 0 0 318 0 0 0 0 0 0 407 869 0 0 0 0 0 0 0 0 0
0 0 0 337 0 805 676 550 820 0 0 0 525 0 0 619 0 146 0 0 0 0 721 881 826 0 0 599 0 780 106 0 0 0 62 0 0 0 0 0 0 0 0 0 0 579 0 174 0 0 0 0 0 0 0 0 412 0 0 990 0 107 0 0 0 0 0 0 660 47 0 0 55 0 604 0 251 0 901 0 804 975 0 818 797 0 0 0 0 561 0 461 0 857 0 0 0 124 4 484 219 0 0 0 0 0 0 0 0 327 456 0 214 762 0 0 0 0 0 0 0 0 708 0 0 0 0 0 0 0 0 323 119 933 0 0 234 0 0 0 0 0 0 0 0 618 0 0 177 204
0 0 0 0 0 0 0 0 602 0 0 978 87 909 0 0 0 0 0 0 487 0 949 0 0 0 0 0 679 0 316 0 0 338 0 709 0 0 176 331 267 0 0 0 0 0 0 861 0 0 184 0 0 0 0 95 0 0 186 0 0 0 254 621 0 0 621 308 0 95 0 0 746 55 0 251 0 626 0 0 0 0 0 689 0 0 0 966 759 0 0 0 0 471 0 993 0 0 309 0 0 959 583 0 0 0 0 0 513 0 409 0 414 0 567 947 0 0 0 0 0 0 0 118 985 895 902 0 404 0 975 990 725 0 0 0 0 0 0 0 350 0 0 306 232 0 0 0 0 520
381 0 0 0 0 0 0 650 109 971 287 0 870 95 0 0 0 890 0 0 0 0 392 0 0 863 0 0 517 180 0 0 0 0 0 0 0 492 679 0 0 0 0 0 0 0 547 0 0 0 0 0 0 0 0 0 205 0 0 0 772 0 0 0 0 0 0 0 0 686 0 0 396 0 495 0 626 0 152 0 0 580 0 837 0 0 0 0 0 0 0 0 0 0 0 0 0 0 0 0 0 0 0 867 90 0 984 0 235 0 390 582 0 0 0 0 0 0 0 0 0 0 0 279 0 0 0 0 0 762 0 0 0 0 0 0 0 0 0 0 0 140 0 0 0 0 0 526 0 0
0 0 956 0 0 911 1000 0 0 0 0 117 0 603 0 0 0 662 0 0 0 0 150 0 558 0 0 0 0 823 0 0 0 0 0 739 0 0 257 881 378 0 686 0 881 0 0 0 509 239 0 0 0 407 918 471 0 0 0 0 0 987 0 0 71 0 0 348 0 0 48 0 593 0 278 901 0 152 0 607 0 0 0 376 0 466 0 0 0 0 0 273 0 0 0 0 0 940 0 0 910 0 0 122 0 0 0 0 0 0 0 0 843 0 0 269 2 0 0 0 0 0 599 0 0 0 0 0 354 0 0 668 147 126 812 0 0 0 0 0 0 0 195 0 0 0 0 0 537 0
912 0 0 775 0 0 0 0 0 0 0 908 0 0 434 832 571 0 0 308 885 0 0 0 0 0 0 0 972 0 0 0 0 0 237 0 0 183 0 735 0 0 0 0 413 0 795 0 0 733 25 526 0 163 0 0 0 307 0 0 0 0 500 279 738 0 535 0 499 0 709 0 117 0 0 0 0 0 607 0 679 705 361 617 0 909 0 0 0 0 0 0 0 650 0 0 0 347 0 0 0 0 0 0 0 957 0 0 0 0 0 0 0 0 508 647 0 855 0 0 0 0 0 130 737 506 0 0 0 333 293 291 989 0 0 0 0 0 0 0 0 0 0 0 743 0 0 0 0 30
0 960 0 199 0 0 0 535 0 0 0 0 0 0 628 0 0 0 0 0 0 0 0 0 0 0 0 152 0 0 938 0 0 0 47 0 0 295 553 0 0 0 0 0 0 0 0 0 0 897 483 0 0 0 0 320 404 0 0 0 0 0 253 0 412 0 431 0 0 892 397 0 0 876 0 804 0 0 0 679 0 745 350 0 0 0 0 0 0 0 0 0 0 593 0 426 0 583 0 0 0 0 0 0 0 317 0 0 0 0 0 0 0 0 474 0 0 63 0 0 0 0 480 0 743 0 438 0 0 351 0 0 0 0 0 0 0 0 0 0 0 0 0 0 15 0 0 0 0 509
0 78 0 343 0 0 490 0 563 0 0 0 0 0 0 0 0 0 0 0 0 605 848 0 627 750 0 0 121 199 316 927 633 0 0 0 776 0 0 560 0 0 0 0 644 875 561 0 832 0 0 0 778 0 0 0 385 0 0 0 0 0 0 0 0 0 0 775 0 0 0 0 0 0 0 975 0 580 0 705 745 0 867 0 0 0 157 0 0 0 0 0 0 523 6 0 987 873 0 0 0 0 0 0 0 0 446 0 0 201 0 0 61 375 0 0 0 0 0 0 0 38 161 0 0 875 854 0 703 0 673 0 0 0 0 0 0 0 0 0 0 0 0 0 345 0 0 924 555 0
61 166 0 431 653 648 0 442 821 0 0 883 705 0 0 0 0 0 0 0 315 0 0 0 0 0 0 0 334 953 0 0 793 0 0 910 0 723 241 0 323 0 0 0 335 0 0 264 0 0 0 0 0 0 0 0 0 657 0 147 0 689 0 0 0 0 702 0 0 129 0 362 0 398 0 0 0 0 0 361 350 867 0 833 689 536 966 0 0 0 0 0 0 0 0 0 0 0 0 0 0 534 0 0 0 0 0 0 0 0 479 0 0 0 0 0 584 0 0 0 0 0 245 180 921 0 0 466 261 0 0 0 0 0 707 0 0 0 0 648 0 0 0 0 887 751 0 0 0 0
702 0 0 177 375 0 0 0 875 879 0 0 19 645 0 0 427 677 0 0 0 0 0 0 203 569 0 0 790 0 506 0 759 0 515 0 361 965 0 169 0 0 0 452 0 0 0 0 0 0 74 405 557 584 732 802 0 0 0 611 0 0 0 0 0 0 0 0 999 0 0 0 0 667 0 818 689 837 376 617 0 0 833 0 859 0 0 0 0 0 455 426 879 0 0 0 0 0 229 0 474 699 0 281 0 77 0 0 483 0 385 0 0 606 0 0 214 0 0 485 85 0 0 0 0 0 0 0 0 326 0 0 971 0 0 0 0 0 0 850 0 789 0 0 0 0 0 0 219 45
0 451 0 204 0 731 212 989 0 0 0 0 0 0 0 0 0 0 0 0 0 0 0 0 329 0 554 0 20 0 0 0 0 209 0 0 398 0 0 790 837 0 0 0 605 412 497 0 0 0 0 0 221 0 704 0 0 0 258 0 0 0 0 0 174 49 875 0 0 0 0 0 0 715 453 797 0 0 0 0 0 0 689 859 0 523 0 0 549 798 0 0 137 0 987 0 109 0 0 0 798 0 647 0 153 0 387 0 687 617 0 0 0 0 0 635 0 905 0 0 0 688 0 317 129 0 0 0 0 0 333 0 0 0 0 0 0 927 0 645 0 0 493 477 0 0 642 0 0 0
0 0 0 0 795 0 0 527 0 0 91 229 0 0 266 0 0 0 0 786 0 0 766 0 73 0 0 0 0 0 325 0 662 0 0 67 0 940 0 0 0 0 0 0 0 0 442 0 0 0 44 0 0 172 0 0 175 0 0 449 50 108 0 0 0 955 770 289 0 0 0 300 385 0 0 0 0 0 466 909 0 0 536 0 523 0 811 0 0 413 0 0 0 0 89 847 0 0 586 0 0 0 0 0 852 0 59 332 0 106 0 0 235 592 135 0 0 924 0 0 0 584 0 0 0 0 0 0 0 684 0 59 0 948 0 0 0 0 0 0 0 0 0 0 0 0 0 0 0 489
0 0 0 0 0 0 147 10 0 21 0 255 413 265 406 0 452 0 156 0 145 757 166 0 0 0 0 0 0 0 742 0 392 0 0 403 0 0 994 0 606 0 0 0 0 865 0 547 0 931 0 567 0 0 0 976 0 0 0 784 0 889 0 0 0 23 0 192 0 0 0 0 0 0 0 0 0 0 0 0 0 157 966 0 0 811 0 266 0 0 962 0 0 760 0 0 401 125 0 0 0 0 0 0 0 0 519 0 76 0 950 0 308 263 471 0 582 0 0 122 0 0 0 977 0 0 0 0 425 0 0 0 0 0 0 0 0 959 996 469 0 0 784 0 0 15 0 0 616 0
0 0 0 0 987 779 0 223 0 0 673 0 254 0 735 0 898 259 0 962 0 0 0 0 0 0 0 0 957 0 0 0 0 160 0 875 0 0 852 948 153 0 0 0 649 0 540 0 0 755 0 903 0 0 0 0 0 0 0 0 0 0 0 0 0 0 0 0 0 0 0 0 0 0 0 0 966 0 0 0 0 0 0 0 0 0 266 0 198 0 0 0 477 121 0 608 631 0 0 0 0 0 0 0 0 0 0 0 0 0 555 0 0 458 657 0 76 583 24 0 476 0 849 0 235 0 0 700 0 100 0 0 0 0 0 579 0 999 513 0 0 0 0 0 0 854 0 0 0 0
0 0 0 0 138 0 352 0 0 0 0 0 0 0 0 0 0 653 0 572 706 0 0 0 764 857 526 633 0 0 0 711 0 0 289 654 0 0 0 0 0 0 373 0 286 730 712 697 100 278 970 51 0 0 972 0 0 0 0 0 0 0 0 437 0 510 0 540 829 0 0 104 0 0 0 0 759 0 0 0 0 0 0 0 549 0 0 198 0 939 287 0 0 0 0 193 0 0 0 0 0 0 0 385 0 559 807 828 0 0 0 943 0 0 0 0 0 0 0 0 0 0 0 0 0 0 0 616 0 0 0 0 0 0 0 0 0 0 0 0 0 908 167 0 0 93 0 0 0 0
0 0 104 0 0 0 0 0 0 0 338 0 0 0 0 999 0 0 634 0 0 0 0 0 0 0 255 0 0 0 0 0 353 0 0 0 0 0 870 874 0 0 355 0 0 0 0 0 0 0 0 604 0 232 0 0 0 0 0 0 0 654 0 0 0 0 0 774 644 0 0 0 0 0 0 561 0 0 0 0 0 0 0 0 798 413 0 0 939 0 796 184 0 795 0 239 0 0 0 0 95 0 0 0 914 0 0 821 0 0 0 580 58 0 768 606 311 485 37 0 0 0 289 0 0 0 0 0 0 0 0 0 0 0 840 0 0 0 6 0 911 0 0 0 0 780 0 0 0 0
0 0 178 0 4 0 0 643 490 0 0 910 0 0 0 0 955 830 0 48 0 0 0 270 0 0 0 0 0 0 0 486 0 0 0 0 0 0 163 0 0 0 963 0 0 0 976 0 0 0 0 932 0 959 124 0 478 0 0 0 0 0 0 309 0 112 932 206 644 608 329 218 0 720 457 0 0 0 0 0 0 0 0 455 0 0 962 0 287 796 0 252 0 0 462 0 0 258 0 0 605 0 504 0 616 0 0 0 0 303 0 0 0 769 0 0 0 0 0 0 0 0 0 0 0 217 0 0 0 442 270 0 0 0 0 785 0 0 0 0 595 0 0 0 0 508 0 568 0 0
88 911 0 0 0 563 819 0 0 0 0 274 0 636 361 0 576 0 0 0 0 980 849 0 0 825 0 0 0 0 0 0 0 0 0 830 846 0 0 0 0 0 0 0 0 0 0 0 0 0 0 0 0 0 941 0 0 0 0 0 0 502 0 0 0 0 0 0 632 0 0 0 0 0 0 461 0 0 273 0 0 0 0 426 0 0 0 0 0 184 252 0 179 778 248 0 432 0 0 0 674 0 0 959 0 0 0 0 0 0 0 0 0 269 0 80 0 610 0 326 712 0 0 0 0 869 0 0 0 559 340 0 0 848 0 0 0 0 0 0 0 0 629 0 66 456 230 0 867 0
0 0 0 936 0 918 0 0 0 0 0 0 0 263 0 677 0 794 0 0 0 0 950 0 0 154 0 0 0 0 891 0 0 0 790 243 0 880 0 0 0 0 0 969 0 0 515 0 0 0 0 0 0 0 0 0 0 0 0 0 0 0 0 734 212 0 49 263 0 0 0 0 949 0 767 0 0 0 0 0 0 0 0 879 137 0 0 477 0 0 0 179 0 371 694 64 663 0 0 0 0 0 295 0 0 894 0 0 0 983 0 0 0 679 0 0 0 0 0 0 861 0 691 541 0 0 0 0 504 0 0 0 0 0 681 811 0 0 0 507 0 0 33 679 0 17 0 0 0 0
0 0 353 0 0 0 0 0 0 0 0 975 0 0 0 0 0 0 0 0 456 0 0 497 148 0 276 0 126 748 499 515 0 0 958 936 556 0 589 31 766 0 163 0 0 0 0 438 0 0 0 0 0 630 0 396 0 926 777 0 667 0 736 127 0 0 0 0 0 0 0 0 0 800 0 857 471 0 0 650 593 523 0 0 0 0 760 121 0 795 0 778 371 0 162 0 0 194 0 568 0 0 0 0 0 0 0 0 0 0 991 0 0 0 0 0 0 872 0 909 908 0 0 190 0 0 808 668 0 0 0 0 965 0 0 817 0 0 0 0 0 0 362 0 0 0 0 402 0 0
998 0 927 0 0 0 896 0 37 440 0 0 237 0 807 0 896 0 0 0 730 909 337 0 0 0 0 0 0 966 0 0 0 549 0 0 886 0 0 0 0 833 0 616 0 0 0 0 148 0 22 0 0 652 0 0 0 0 0 0 0 0 0 0 829 57 973 724 103 549 0 0 536 0 724 0 0 0 0 0 0 6 0 0 987 89 0 0 0 0 462 248 694 162 0 691 0 0 0 764 141 611 0 0 0 0 121 0 0 0 0 0 0 0 46 0 185 0 0 0 0 0 0 0 0 0 0 0 987 0 0 0 0 0 0 0 640 0 200 98 0 534 310 218 0 0 0 0 175 514
0 0 0 0 585 0 484 692 631 25 0 0 0 0 0 0 0 0 350 0 446 0 0 0 0 747 677 808 0 912 0 0 676 772 0 989 466 0 0 0 490 0 0 555 433 0 0 100 507 0 907 549 0 0 0 0 0 0 0 0 646 0 401 280 0 0 0 0 0 898 0 0 0 607 818 0 993 0 0 0 426 0 0 0 0 847 0 608 193 239 0 0 64 0 691 0 327 0 0 0 993 0 212 0 0 0 0 0 0 0 0 458 0 134 293 462 0 0 0 0 0 0 0 0 0 666 878 0 0 687 0 0 0 0 0 0 0 22 0 982 0 0 0 0 0 773 0 0 0 0
0 0 0 0 0 0 0 0 0 132 0 732 0 0 0 916 0 0 0 0 615 0 755 0 68 0 0 880 928 0 889 0 0 0 0 0 0 0 0 0 0 0 0 0 0 828 0 0 0 0 0 0 842 0 0 242 672 946 0 73 838 0 0 296 0 0 287 985 0 564 0 0 0 244 0 0 0 0 0 0 0 987 0 0 109 0 401 631 0 0 0 432 663 0 0 327 0 590 0 0 0 0 0 0 0 0 0 458 392 0 843 0 0 0 0 0 0 0 0 0 543 0 797 0 0 0 0 688 0 0 0 0 0 666 753 306 0 0 0 0 151 813 0 0 48 0 0 576 0 0
0 0 0 377 0 454 729 0 665 0 628 0 0 0 0 0 0 0 0 695 0 0 0 0 0 0 0 0 420 0 0 0 0 567 0 335 229 0 220 0 0 0 635 0 961 0 0 764 0 0 0 0 0 0 506 0 0 0 0 741 0 412 0 0 0 0 700 0 0 0 128 0 0 333 0 124 0 0 940 347 583 873 0 0 0 0 125 0 0 0 258 0 0 194 0 0 590 0 977 647 0 0 442 0 0 0 0 493 0 551 13 0 0 0 74 0 0 0 0 626 0 0 803 589 0 0 291 0 0 37 530 960 0 623 0 0 0 0 0 0 0 0 0 0 0 747 655 895 0 0
0 538 0 0 0 498 0 0 0 0 0 0 0 0 0 0 521 0 0 0 863 749 184 383 0 0 0 0 0 287 0 438 0 346 724 0 0 0 0 0 836 0 0 0 0 0 0 0 0 0 0 980 0 0 153 611 713 0 0 729 825 0 0 0 0 315 0 177 0 597 0 0 0 48 16 4 309 0 0 0 0 0 0 229 0 586 0 0 0 0 0 0 0 0 0 0 0 977 0 230 0 0 996 0 0 684 0 0 784 581 0 0 0 0 0 0 108 0 706 182 434 0 0 924 782 0 0 0 938 0 0 984 0 0 0 261 544 591 817 676 0 0 0 0 308 0 0 0 0 0
0 0 0 0 0 0 933 0 0 0 0 0 0 505 281 0 0 879 0 348 0 0 8 296 228 988 0 0 685 0 186 629 495 0 0 0 0 0 201 0 0 121 0 497 0 0 0 0 726 0 0 316 0 28 0 0 0 0 0 0 0 0 0 0 0 530 0 0 0 0 0 0 0 163 0 484 0 0 0 0 0 0 0 0 0 0 0 0 0 0 0 0 0 568 764 0 0 647 230 0 958 0 209 831 0 777 9 385 0 0 972 0 747 0 287 0 0 0 0 0 0 0 0 0 0 709 0 0 0 45 0 0 0 0 947 558 0 0 0 0 0 0 0 903 432 857 0 933 0 863
0 0 196 291 159 0 0 162 0 888 0 998 573 600 0 724 0 0 0 0 567 0 0 0 0 0 0 0 160 0 0 0 0 0 0 0 0 0 0 0 0 835 0 0 0 226 0 0 0 0 29 0 0 0 0 0 373 128 909 838 245 0 415 0 0 622 339 0 715 155 0 0 0 0 0 219 0 0 910 0 0 0 0 474 798 0 0 0 0 95 605 674 0 0 141 993 0 0 0 958 0 41 0 123 0 0 0 0 0 43 0 719 0 0 727 0 0 646 0 983 0 0 569 0 0 0 0 0 227 0 3 0 186 708 0 0 0 0 0 184 0 0 0 0 0 0 0 0 0 880
0 0 674 0 16 602 0 0 763 651 0 0 0 0 0 0 373 0 0 0 0 0 0 954 519 0 0 0 0 0 200 0 0 957 0 0 0 669 0 0 777 0 0 0 110 0 0 0 0 0 452 70 0 112 0 591 0 0 0 0 0 0 0 696 63 0 0 0 0 511 863 0 960 0 0 0 959 0 0 0 0 0 534 699 0 0 0 0 0 0 0 0 0 0 611 0 0 0 0 0 41 0 527 836 0 945 0 0 0 0 0 0 0 644 755 125 0 115 0 0 0 0 0 0 0 0 0 526 0 0 125 226 116 0 0 0 0 0 0 0 0 0 0 155 0 905 9 0 205 0
0 0 0 0 0 0 0 0 294 0 0 0 0 176 912 0 929 0 0 0 0 0 921 0 0 19 967 0 0 924 0 0 0 0 220 0 0 0 0 0 0 0 0 0 0 0 0 598 290 0 475 0 0 0 0 0 0 0 758 0 145 0 0 0 0 0 0 0 0 0 0 0 0 0 109 0 583 0 0 0 0 0 0 0 647 0 0 0 0 0 504 0 295 0 0 212 0 442 996 209 0 527 0 678 0 0 0 0 0 835 0 0 0 0 785 0 254 0 0 0 0 0 160 376 0 0 125 0 0 623 0 0 309 703 0 0 751 0 907 0 0 0 693 0 0 0 0 0 0 357
