150
0 284 710 892 29 0 89 172 562 0 223 540 697 0 600 138 564 918 0 0 0 676 463 0 882 942 118 0 645 693 763 0 0 645 40 0 0 544 0 742 0 753 0 799 46 789 0 982 199 0 114 826 134 528 393 0 78 927 894 608 572 958 476 626 602 438 516 106 635 617 29 277 736 822 56 0 495 88 553 0 538 0 341 28 337 124 394 0 348 595 865 161 797 0 971 412 745 0 820 649 954 0 854 0 439 2 0 914 988 950 645 0 507 270 0 0 143 0 877 0 0 0 526 0 416 0 147 63 357 676 655 0 0 824 862 784 331 825 156 264 384 175 312 877 0 604 0 0 0 253
284 0 125 441 253 599 608 0 199 167 162 880 962 248 786 270 608 258 0 962 202 123 0 0 675 603 851 545 0 730 24 0 727 971 0 0 363 909 149 387 400 309 706 1 0 0 304 69 140 432 0 0 0 845 806 366 0 324 306 0 527 826 165 136 493 384 725 291 389 0 0 66 480 193 0 204 0 168 885 765 0 69 551 376 0 978 284 729 104 692 994 0 211 775 342 508 934 225 0 358 799 0 0 696 508 467 0 0 415 780 359 518 205 67 24 657 255 510 0 624 587 0 19 845 5 483 372 906 584 0 0 803 751 120 707 799 0 0 371 0 578 194 987 0 0 0 496 0 63 493
710 125 0 815 513 726 545 943 804 830 675 0 875 0 613 0 0 644 280 314 757 780 0 997 0 244 214 0 53 682 0 435 0 634 356 0 0 166 940 867 86 891 0 944 0 0 0 901 373 784 763 564 236 0 0 0 0 791 0 356 0 762 904 0 0 198 427 249 0 0 0 265 888 0 728 1 0 892 954 341 287 594 0 559 388 0 199 167 0 0 569 483 340 667 110 786 778 0 366 0 75 866 89 494 548 975 0 0 314 0 82 207 258 411 13 670 0 0 664 0 377 557 777 978 248 763 0 505 365 365 497 625 287 560 663 0 447 454 367 76 0 41 534 452 825 786 222 0 0 232
892 441 815 0 215 0 346 948 892 0 0 431 884 309 0 903 467 995 580 972 0 394 0 536 100 476 738 0 137 0 0 0 127 741 924 0 405 289 878 717 0 266 433 710 822 894 116 0 454 812 875 178 0 873 0 0 297 767 354 626 524 0 0 82 775 345 510 177 758 579 869 461 437 0 595 541 222 119 123 533 446 900 776 232 383 340 971 475 0 958 943 64 647 975 977 0 0 528 551 512 914 199 254 0 0 368 0 0 64 0 0 571 515 0 102 231 393 86 773 67 89 103 369 522 496 0 637 0 607 575 175 505 107 427 586 371 710 345 869 31 0 274 271 0 361 789 630 493 0 209
29 253 513 215 0 782 188 0 0 70 73 491 0 252 583 664 793 0 956 632 0 526 52 8 0 832 822 752 115 678 922 0 0 955 0 840 480 872 446 755 0 829 811 0 490 532 253 569 531 0 940 0 0 180 73 516 0 0 508 208 204 675 0 600 891 0 276 576 982 502 382 930 534 52 157 276 0 479 0 29 370 695 0 500 993 377 355 444 0 0 148 941 381 0 0 251 928 0 583 0 0 197 0 894 232 250 842 0 452 312 818 63 666 168 0 448 0 0 0 694 0 254 283 0 0 0 20 236 367 102 916 0 876 937 448 605 0 850 725 693 637 0 731 0 305 459 864 838 0 69
0 599 726 0 782 0 87 835 359 111 249 0 0 592 586 60 266 465 810 464 0 318 517 325 618 348 947 69 41 406 112 0 234 0 87 0 940 777 507 556 440 0 944 0 139 0 167 460 522 819 113 0 671 435 0 0 669 684 599 0 642 474 304 264 0 0 812 764 397 0 0 546 695 775 0 0 743 568 812 154 942 950 660 925 388 0 821 323 438 0 453 669 232 226 9 617 0 0 304 386 0 0 0 717 0 0 0 0 264 0 200 0 0 584 487 275 165 917 401 554 0 406 0 793 475 925 136 883 0 0 188 66 0 469 0 224 824 222 746 653 692 413 801 584 50 940 0 624 760 0
89 608 545 346 188 87 0 563 0 0 408 54 983 0 705 501 0 148 331 169 950 878 612 0 0 214 0 0 940 841 0 319 901 723 185 60 0 459 711 945 126 0 531 514 708 801 0 223 143 720 687 0 791 0 732 0 0 869 916 18 659 348 319 682 0 941 0 873 940 672 997 52 174 37 579 653 0 0 158 0 530 0 0 779 764 0 865 640 0 705 0 0 0 655 489 156 162 556 341 656 861 223 252 254 615 622 687 111 475 351 698 669 0 810 651 0 802 0 802 936 0 364 89 757 139 540 840 1 0 210 0 288 630 0 859 956 734 931 0 0 822 86 462 883 0 353 0 0 705 0
172 0 943 948 0 835 563 0 233 0 210 950 473 991 420 806 257 606 0 0 227 934 158 0 237 28 158 870 519 403 0 567 0 83 209 0 0 0 294 510 0 214 518 0 36 710 86 141 802 0 0 468 71 759 788 744 263 0 589 579 762 867 585 0 18 342 567 419 0 924 485 0 433 0 0 0 0 116 426 811 286 225 657 0 316 830 759 253 548 875 556 651 669 481 0 369 661 0 537 0 498 409 39 0 384 511 583 333 0 0 151 128 340 783 72 183 508 0 267 0 748 0 0 961 896 0 448 258 169 0 0 788 236 0 554 0 172 776 361 0 0 260 0 0 4 142 186 800 722 0
562 199 804 892 0 359 0 233 0 313 33 105 0 0 0 721 348 0 668 505 598 0 671 0 393 0 767 294 0 977 577 0 0 320 0 505 938 467 622 0 222 0 889 424 734 457 0 0 195 0 40 36 56 205 368 283 0 439 0 0 0 0 268 581 0 617 931 646 428 430 0 354 0 966 0 0 0 0 536 80 365 0 938 172 815 950 876 127 559 233 233 0 832 0 0 578 175 154 828 0 0 926 139 773 0 907 391 850 897 0 146 21 0 744 960 135 939 0 878 570 113 0 0 356 991 322 517 111 468 765 740 0 46 904 723 896 839 20 0 528 772 136 0 557 0 590 0 0 0 0
0 167 830 0 70 111 0 0 313 0 961 84 745 252 18 803 0 37 0 429 740 198 58 980 971 683 14 836 0 613 886 306 182 0 0 0 526 0 734 619 285 711 0 404 627 0 748 675 0 16 804 0 106 0 717 162 0 240 0 75 0 0 0 638 539 0 160 0 261 0 0 797 0 0 1 708 4 0 542 315 967 287 240 431 802 429 801 455 105 0 359 824 0 441 0 596 703 294 0 302 195 617 594 0 0 416 0 0 764 0 0 667 96 0 0 0 0 298 591 636 867 527 320 934 422 163 30 692 0 30 665 40 691 0 0 0 838 278 864 995 757 402 455 550 0 0 712 0 598 918
223 162 675 0 73 249 408 210 33 961 0 615 963 772 0 170 363 69 764 0 595 121 93 498 691 605 206 540 0 717 385 215 740 823 194 0 341 5 0 0 962 761 446 0 225 0 0 719 0 155 0 997 0 0 656 890 157 592 565 890 0 716 353 451 658 200 0 769 331 649 0 24 488 797 998 0 0 249 909 0 746 9 448 0 0 777 722 926 346 558 631 0 207 120 151 0 592 251 0 821 709 917 919 0 0 79 90 0 841 443 116 838 0 0 0 0 215 77 678 301 0 0 0 981 0 68 930 418 0 989 609 4 96 0 0 0 784 289 395 0 35 0 609 736 496 716 0 510 479 984
540 880 0 431 491 0 54 950 105 84 615 0 850 0 596 101 0 0 425 811 982 148 0 530 408 0 326 144 0 217 950 0 466 0 221 837 214 441 559 662 0 38 156 0 101 0 51 311 453 952 569 0 859 820 0 488 35 124 176 786 225 206 0 779 678 0 349 643 0 679 1000 668 0 0 98 788 660 950 0 255 642 513 892 334 802 102 0 663 0 897 234 0 60 493 0 761 65 275 345 551 516 128 0 847 796 127 0 928 0 849 0 415 190 0 0 248 339 0 470 0 964 648 982 935 0 835 547 996 79 507 227 66 755 32 784 0 0 100 0 33 0 841 524 568 0 0 101 0 30 570
697 962 875 884 0 0 983 473 0 745 963 850 0 872 0 778 625 0 222 534 876 637 807 2 0 863 617 745 250 229 935 289 278 834 5 0 0 790 254 619 463 0 989 611 0 968 0 885 0 887 0 608 367 153 436 806 587 0 706 710 0 416 0 0 117 150 0 282 386 604 0 743 926 672 121 352 0 504 928 649 978 316 0 832 492 971 757 0 763 72 311 0 0 0 417 594 0 0 549 298 0 610 0 195 476 263 710 0 595 192 875 612 929 826 493 0 19 370 213 185 589 0 43 728 0 55 405 145 822 738 953 173 446 0 0 856 918 0 0 0 0 699 921 871 470 333 976 158 286 0
0 248 0 309 252 592 0 991 0 252 772 0 872 0 762 37 793 573 0 739 0 0 66 62 339 708 852 654 0 804 323 229 444 620 872 759 820 0 211 0 0 565 0 762 597 359 0 844 316 704 58 0 0 719 696 582 0 770 775 0 0 246 0 0 763 99 0 731 654 803 0 581 457 0 92 787 0 703 0 0 0 0 0 853 0 0 500 909 0 305 905 0 185 793 806 0 411 386 572 284 0 0 0 821 504 648 128 0 28 131 818 17 699 0 0 0 312 0 315 827 695 763 0 642 41 55 720 0 525 932 440 235 128 918 102 0 0 26 182 533 713 839 836 0 218 0 0 389 441 448
600 786 613 0 583 586 705 420 0 18 0 596 0 762 0 942 793 935 8 845 0 999 676 409 211 0 57 820 0 378 347 258 0 195 69 200 0 541 698 0 0 744 61 635 96 255 547 566 264 850 746 0 6 554 57 546 968 0 50 0 618 114 0 92 770 321 0 589 569 350 563 586 630 694 0 0 239 673 533 55 446 0 0 776 0 860 0 233 955 0 118 289 0 743 312 253 0 227 0 537 0 0 0 0 772 862 0 0 776 808 0 667 377 876 361 1 0 627 338 591 0 0 907 648 107 153 724 335 0 331 0 780 0 861 202 0 788 0 377 211 0 590 579 763 235 378 424 0 995 379
138 270 0 903 664 60 501 806 721 803 170 101 778 37 942 0 934 0 520 448 580 384 146 210 76 373 0 0 531 0 941 730 308 185 579 489 0 741 0 0 733 29 988 0 894 301 0 740 683 0 424 121 843 808 463 644 366 389 749 854 0 235 317 158 778 425 0 822 813 0 0 658 633 712 0 879 0 704 584 668 200 329 496 108 0 846 0 0 926 420 244 497 686 0 125 0 366 934 660 0 199 626 582 986 769 31 852 152 440 204 919 451 0 701 0 614 965 0 661 624 254 470 0 0 532 0 514 130 697 713 0 0 0 0 0 0 966 767 423 0 0 814 354 871 0 725 0 0 781 41
564 608 0 467 793 266 0 257 348 0 363 0 625 793 793 934 0 666 977 0 860 0 0 804 0 662 2 180 0 854 778 320 831 0 0 808 185 829 0 723 672 446 68 636 846 349 0 0 3 737 288 408 0 120 678 0 0 637 472 182 684 289 562 157 444 0 828 266 290 761 948 350 0 0 0 110 22 0 0 0 77 361 294 0 57 234 0 139 342 0 932 0 593 0 525 0 0 312 379 688 634 678 336 698 65 670 566 46 648 0 835 813 0 294 311 0 899 0 0 457 0 0 0 0 381 0 261 156 366 883 130 266 636 0 651 853 995 451 0 407 298 209 314 912 434 0 272 0 770 612
918 258 644 995 0 465 148 606 0 37 69 0 0 573 935 0 666 0 962 315 0 0 0 587 509 191 10 412 573 845 791 586 531 0 318 0 0 0 0 590 860 0 0 0 407 42 161 197 889 920 431 358 19 997 438 388 419 457 252 40 988 305 69 321 662 98 0 467 232 749 0 594 0 0 0 0 698 413 627 657 74 0 0 94 138 0 231 315 0 309 0 461 854 217 0 672 0 0 763 317 812 966 671 669 411 82 0 457 0 688 0 0 0 759 58 0 750 405 170 0 424 478 735 901 149 0 196 0 723 0 0 727 649 0 5 0 622 354 888 0 745 70 0 843 175 36 989 0 705 130
0 0 280 580 956 810 331 0 668 0 764 425 222 0 8 520 977 962 0 393 584 131 0 289 326 0 0 26 772 337 0 81 628 796 634 0 496 983 0 20 875 975 0 85 390 0 356 281 0 14 44 135 381 0 883 232 666 0 0 0 430 807 852 0 99 471 0 25 322 157 287 535 679 387 430 639 0 872 558 775 328 0 0 5 540 271 951 95 0 644 315 168 0 426 852 466 685 236 888 447 0 288 423 0 696 475 0 0 686 948 569 817 0 35 0 166 0 134 0 0 0 267 200 493 0 0 0 0 0 0 662 0 0 719 620 0 885 882 860 970 902 553 0 111 934 673 235 44 0 86
0 962 314 972 632 464 169 0 505 429 0 811 534 739 845 448 0 315 393 0 862 0 0 0 422 0 342 0 529 792 39 674 253 0 473 578 622 120 655 354 782 0 0 0 803 296 746 0 915 751 984 433 825 311 636 531 0 964 380 732 304 773 824 863 258 0 739 0 0 260 479 0 898 17 963 0 7 0 0 735 380 309 0 247 335 725 328 339 515 866 0 161 647 670 609 0 849 139 461 0 824 79 0 35 730 997 445 55 538 0 127 877 205 572 382 0 0 750 0 466 347 724 914 0 385 760 800 0 178 845 785 0 289 950 468 325 0 721 0 0 364 0 491 392 378 516 0 0 116 44
0 202 757 0 0 0 950 227 598 740 595 982 876 0 0 580 860 0 584 862 0 320 672 132 0 832 425 48 858 339 799 418 480 345 0 386 0 445 524 0 76 234 455 28 0 0 674 983 654 60 803 933 925 694 480 795 426 0 0 511 929 45 112 645 211 234 0 0 0 83 186 605 658 0 19 0 593 608 904 0 0 460 0 0 928 342 206 34 8 639 22 0 255 490 312 941 886 0 0 0 0 856 0 0 442 0 0 767 930 25 837 0 143 761 932 0 0 0 196 0 577 714 243 222 670 335 796 24 0 0 495 407 0 586 0 939 275 0 0 321 217 965 0 0 574 463 0 103 179 520
676 123 780 394 526 318 878 934 0 198 121 148 637 0 999 384 0 0 131 0 320 0 653 125 0 155 0 0 111 0 795 907 163 0 600 606 0 503 875 920 265 0 458 563 190 236 263 253 0 0 362 0 172 0 696 751 0 0 233 0 892 739 0 60 0 152 0 0 106 472 962 610 203 25 677 851 498 741 0 872 0 964 0 0 563 920 415 529 523 0 778 143 955 798 116 496 0 596 978 0 553 832 497 536 598 201 724 0 13 571 373 370 0 893 524 0 0 0 460 954 523 987 90 0 683 240 812 174 853 0 0 607 0 0 0 385 816 288 0 833 717 0 399 636 78 756 543 0 152 156
463 0 0 0 52 517 612 158 671 58 93 0 807 66 676 146 0 0 0 0 672 653 0 258 553 859 605 30 37 50 0 125 0 873 675 340 269 37 649 954 0 975 219 289 843 584 278 427 550 45 0 430 0 141 379 346 103 35 497 323 0 375 0 444 989 280 910 66 698 0 337 625 122 164 518 982 0 125 496 863 765 0 0 850 131 0 741 258 93 62 179 33 801 0 185 187 159 0 869 408 0 318 917 777 0 426 314 107 456 713 459 675 821 522 623 0 919 0 921 248 0 856 0 669 982 306 0 254 150 791 345 0 499 0 682 375 0 159 0 515 172 184 0 677 0 888 746 472 737 950
0 0 997 536 8 325 0 0 0 980 498 530 2 62 409 210 804 587 289 0 132 125 258 0 11 676 510 0 387 426 0 413 0 36 406 0 846 926 0 738 394 150 171 0 0 263 0 0 0 587 89 365 0 719 0 0 0 0 158 330 374 0 0 881 491 0 0 789 0 0 714 397 593 740 843 836 390 948 533 881 0 246 186 847 0 623 0 733 810 0 987 52 281 163 798 969 0 0 74 0 0 0 124 682 711 633 29 275 938 0 919 0 0 193 226 0 0 0 458 0 448 0 43 743 781 551 41 799 0 524 0 53 0 458 175 730 84 0 99 130 652 135 610 381 0 73 949 506 752 443
882 675 0 100 0 618 0 237 393 971 691 408 0 339 211 76 0 509 326 422 0 0 553 11 0 53 322 468 800 247 589 407 658 0 515 710 0 0 0 443 830 0 0 0 54 398 105 140 414 0 298 414 484 0 0 0 664 105 918 881 0 765 0 775 0 707 767 0 656 634 83 0 0 149 0 83 0 620 236 76 35 178 0 294 0 558 0 0 543 289 267 667 348 0 314 179 449 815 172 301 42 173 833 836 75 0 440 384 0 0 954 28 840 889 827 960 935 363 0 61 0 741 584 0 0 700 519 0 0 919 481 502 158 633 308 671 799 0 186 633 576 249 0 0 873 784 0 0 535 772
942 603 244 476 832 348 214 28 0 683 605 0 863 708 0 373 662 191 0 0 832 155 859 676 53 0 139 902 286 915 0 167 862 354 0 641 0 218 108 736 212 569 38 446 509 659 458 433 363 478 0 345 0 140 452 0 126 688 431 325 0 483 552 458 292 652 329 729 456 322 425 950 0 50 0 0 937 0 48 85 0 0 71 428 590 739 0 731 0 0 0 610 151 111 866 0 1 910 827 0 533 0 864 0 0 47 566 336 921 649 0 923 0 285 0 852 766 0 0 250 628 697 378 472 804 729 566 504 898 530 188 338 214 743 674 0 848 0 0 0 764 676 300 713 71 0 0 846 0 127
118 851 214 738 822 947 0 158 767 14 206 326 617 852 57 0 2 10 0 342 425 0 605 510 322 139 0 342 123 0 531 804 652 548 238 0 0 382 864 951 0 665 725 884 939 191 787 349 151 291 138 0 0 0 36 0 0 622 985 284 603 0 79 0 513 300 126 488 0 591 726 876 0 800 337 0 0 0 409 751 721 597 215 0 929 0 884 0 231 874 0 472 0 0 0 0 0 0 639 0 266 0 853 84 493 799 183 0 705 0 0 0 277 803 0 0 0 0 113 0 0 480 645 687 0 735 42 0 169 30 750 938 37 829 0 406 291 286 153 811 175 0 814 0 357 0 0 816 575 737
0 545 0 0 752 69 0 870 294 836 540 144 745 654 820 0 180 412 26 0 48 0 30 0 468 902 342 0 355 574 563 0 0 789 0 584 317 749 408 0 405 930 283 0 787 233 25 0 156 612 645 0 847 0 0 514 959 976 155 0 171 0 0 747 799 0 0 163 0 0 0 643 753 312 222 517 0 668 0 705 54 188 0 0 418 983 521 124 0 771 180 63 966 51 0 954 925 356 0 346 464 76 880 99 0 196 0 857 985 0 0 676 0 802 378 210 0 0 331 268 94 0 0 0 93 0 0 578 271 890 557 0 275 0 870 239 382 438 421 881 0 251 78 0 800 644 0 65 0 450
645 0 53 137 115 41 940 519 0 0 0 0 250 0 0 531 0 573 772 529 858 111 37 387 800 286 123 355 0 284 905 0 750 211 328 963 102 754 645 0 130 659 123 0 33 0 781 732 481 410 133 242 0 277 259 433 807 946 912 75 0 0 779 818 818 192 0 0 975 344 0 773 270 38 380 84 61 244 0 766 999 0 646 313 463 505 194 707 41 0 634 478 72 873 757 0 203 144 280 126 522 900 0 584 0 895 993 0 570 0 414 0 123 914 212 485 204 256 411 0 841 0 56 113 959 507 634 371 0 489 661 187 886 0 0 110 711 512 0 501 428 397 0 244 688 0 0 391 844 586
693 730 682 0 678 406 841 403 977 613 717 217 229 804 378 0 854 845 337 792 339 0 50 426 247 915 0 574 284 0 64 538 452 0 624 680 0 0 760 0 259 567 0 0 394 0 0 176 406 46 18 724 0 0 545 934 633 808 20 553 659 0 891 515 0 465 580 0 335 0 0 441 588 0 449 984 0 31 396 0 435 528 960 0 945 12 466 0 16 698 0 503 186 589 852 763 0 605 66 487 784 269 0 0 0 911 0 0 883 920 0 838 688 526 887 0 0 627 0 300 397 937 725 0 957 828 367 0 0 693 284 755 297 956 0 0 445 0 0 682 959 339 373 0 532 686 0 555 0 757
763 24 0 0 922 112 0 0 577 886 385 950 935 323 347 941 778 791 0 39 799 795 0 0 589 0 531 563 905 64 0 252 677 983 652 0 832 198 287 856 0 199 371 727 0 0 104 258 258 772 846 0 156 658 0 0 632 952 949 0 178 652 0 414 529 745 69 686 999 913 888 73 644 0 0 32 0 661 435 785 556 0 664 905 174 536 402 0 249 0 0 726 0 95 15 767 0 321 775 218 0 825 0 498 0 780 132 455 0 721 539 321 167 153 741 209 569 0 0 628 308 436 610 0 143 239 0 0 0 0 0 586 43 0 279 825 452 0 0 537 284 698 891 433 383 0 836 383 415 983
0 0 435 0 0 0 319 567 0 306 215 0 289 229 258 730 320 586 81 674 418 907 125 413 407 167 804 0 0 538 252 0 920 747 899 825 666 543 276 28 0 0 637 0 774 932 725 615 112 845 522 0 154 284 221 885 91 446 783 256 362 344 0 310 0 295 0 135 490 63 174 815 415 722 0 0 0 735 834 0 225 0 72 867 660 0 0 167 0 987 339 0 0 449 723 752 666 290 191 0 0 843 638 37 924 757 277 11 0 0 0 213 540 0 377 921 0 0 956 759 725 528 611 375 534 0 0 466 0 361 181 387 690 531 0 195 0 883 0 0 95 499 0 0 622 74 544 944 837 682
0 727 0 127 0 234 901 0 0 182 740 466 278 444 0 308 831 531 628 253 480 163 0 0 658 862 652 0 750 452 677 920 0 188 274 546 0 722 0 822 661 0 899 0 0 263 167 0 745 0 0 546 447 0 939 457 681 0 186 976 199 722 436 716 16 0 0 392 0 0 364 0 888 0 345 635 897 0 212 907 700 535 983 0 0 581 0 625 0 0 162 787 944 842 359 0 403 0 0 0 697 387 99 486 497 481 263 184 62 0 0 451 673 0 920 662 175 178 673 549 814 691 0 160 814 571 235 727 474 0 685 782 928 476 569 0 0 127 0 370 0 892 345 0 14 679 976 0 639 1000
645 971 634 741 955 0 723 83 320 0 823 0 834 620 195 185 0 0 796 0 345 0 873 36 0 354 548 789 211 0 983 747 188 0 418 637 229 645 28 959 0 735 251 0 916 296 470 352 791 499 672 471 285 815 202 843 612 820 312 667 0 425 174 0 0 99 593 687 957 0 250 0 888 197 23 0 142 104 876 904 0 202 0 54 0 0 0 337 974 0 0 0 609 0 700 0 0 0 0 842 0 455 298 605 0 412 89 0 250 316 0 105 870 371 0 0 0 719 20 576 161 429 205 313 0 546 0 634 0 84 552 0 0 982 998 804 926 366 902 0 699 371 843 966 388 876 755 641 170 0
40 0 356 924 0 87 185 209 0 0 194 221 5 872 69 579 0 318 634 473 0 600 675 406 515 0 238 0 328 624 652 899 274 418 0 486 409 0 119 654 472 0 0 453 271 191 186 780 426 948 55 614 0 147 0 0 0 0 908 929 264 221 4 139 918 442 202 76 222 0 218 0 0 0 47 759 361 715 148 0 66 931 408 630 0 643 991 358 778 3 0 0 0 0 0 863 340 281 0 444 413 994 0 33 486 237 936 671 649 62 454 51 717 121 615 0 354 0 814 866 697 879 226 258 913 109 0 0 987 379 0 0 0 517 305 388 55 807 770 977 442 18 492 35 0 0 120 690 320 0
0 0 0 0 840 0 60 0 505 0 0 837 0 759 200 489 808 0 0 578 386 606 340 0 710 641 0 584 963 680 0 825 546 637 486 0 321 320 33 138 449 847 919 133 0 602 111 866 0 69 0 964 707 22 599 50 0 487 799 0 108 353 662 582 673 0 578 0 272 524 132 882 894 700 0 49 0 297 82 979 546 660 0 708 904 0 756 0 654 0 670 190 760 0 831 959 0 0 57 0 0 0 383 0 0 474 0 774 357 583 0 503 711 0 198 500 948 0 240 534 541 375 613 878 0 251 374 0 887 527 806 639 318 831 134 659 0 0 611 374 200 471 0 0 0 849 0 349 340 919
0 363 0 405 480 940 0 0 938 526 341 214 0 820 0 0 185 0 496 622 0 0 269 846 0 0 0 317 102 0 832 666 0 229 409 321 0 856 457 0 814 199 0 665 644 0 119 0 161 22 733 248 2 360 787 252 92 866 211 305 406 0 643 749 878 910 879 0 0 588 0 790 800 0 0 90 838 497 0 0 521 603 496 0 777 846 401 679 807 562 866 0 0 820 379 0 0 523 187 935 0 401 0 151 994 562 0 0 0 202 935 0 218 282 306 839 845 0 860 125 598 634 0 77 218 813 62 435 64 0 0 267 87 33 665 136 30 235 976 883 786 937 608 0 116 0 0 139 0 350
544 909 166 289 872 777 459 0 467 0 5 441 790 0 541 741 829 0 983 120 445 503 37 926 0 218 382 749 754 0 198 543 722 645 0 320 856 0 48 111 0 0 119 248 364 999 576 389 129 347 31 474 579 104 0 0 751 0 653 0 249 66 698 863 963 0 326 0 758 540 392 127 246 0 953 0 791 0 85 698 78 919 498 610 97 267 0 0 0 757 0 0 695 621 28 563 613 0 527 925 967 856 0 815 946 0 122 0 0 363 628 264 0 0 438 976 354 0 544 701 0 0 952 767 0 114 579 0 657 225 436 832 491 643 94 331 448 780 310 0 0 202 289 82 379 0 465 769 246 925
0 149 940 878 446 507 711 294 622 734 0 559 254 211 698 0 0 0 0 655 524 875 649 0 0 108 864 408 645 760 287 276 0 28 119 33 457 48 0 553 0 0 48 0 64 271 714 22 843 696 880 396 819 437 0 0 748 395 504 842 140 687 472 0 912 41 331 381 0 0 994 32 328 0 941 212 0 41 38 726 83 362 689 941 88 570 0 0 306 699 928 762 939 38 828 399 560 0 0 366 368 754 575 834 0 245 0 598 0 782 859 170 512 408 966 0 185 571 912 280 329 475 0 692 635 75 839 614 279 17 692 698 674 0 102 0 0 496 0 0 0 81 707 381 540 5 894 606 348 883
742 387 867 717 755 556 945 510 0 619 0 662 619 0 0 0 723 590 20 354 0 920 954 738 443 736 951 0 0 0 856 28 822 959 654 138 0 111 553 0 521 603 0 911 545 0 942 0 520 0 216 503 728 772 0 389 137 0 835 0 436 903 77 0 587 561 679 188 389 596 538 0 0 991 61 632 72 448 415 0 0 646 862 0 966 533 0 533 345 635 12 0 917 326 0 237 57 363 256 131 206 0 733 271 116 317 649 0 809 454 968 0 254 412 336 825 0 415 0 0 889 496 489 0 0 91 609 625 164 153 62 0 886 406 791 376 0 852 715 84 0 306 666 619 0 0 740 0 0 939
0 400 86 0 0 440 126 0 222 285 962 0 463 0 0 733 672 860 875 782 76 265 0 394 830 212 0 405 130 259 0 0 661 0 472 449 814 0 0 521 0 360 759 0 967 171 66 860 804 104 0 502 785 0 344 847 6 614 183 930 656 575 0 161 0 0 0 0 167 522 0 640 938 343 855 742 73 0 889 285 670 907 900 963 446 793 756 952 705 596 0 0 92 0 0 976 145 0 0 238 735 0 751 483 873 573 0 841 626 87 0 966 0 612 194 0 0 458 199 925 0 451 326 834 829 438 545 377 314 0 736 260 769 0 0 791 43 372 964 0 141 0 480 231 200 183 0 0 197 0
753 309 891 266 829 0 0 214 0 711 761 38 0 565 744 29 446 0 975 0 234 0 975 150 0 569 665 930 659 567 199 0 0 735 0 847 199 0 0 603 360 0 519 296 137 244 722 116 340 612 0 971 281 657 561 965 146 0 608 739 0 196 785 477 823 884 0 0 32 0 0 579 702 484 219 351 691 584 24 0 237 779 398 0 348 187 0 285 69 0 117 0 43 46 861 423 0 0 602 0 645 0 930 0 930 0 466 844 0 610 980 950 0 0 492 778 71 0 0 699 59 980 0 728 0 297 438 108 721 942 247 307 209 825 0 0 835 720 869 57 771 269 442 726 0 0 765 0 146 400
0 706 0 433 811 944 531 518 889 0 446 156 989 0 61 988 68 0 0 0 455 458 219 171 0 38 725 283 123 0 371 637 899 251 0 919 0 119 48 0 759 519 0 370 669 334 0 0 0 817 902 744 943 346 106 0 506 946 0 106 66 208 0 0 383 288 0 308 970 0 0 35 269 749 0 0 0 726 260 32 0 0 130 834 408 66 332 0 380 893 0 315 618 843 538 661 452 546 0 0 0 426 0 349 964 0 704 24 0 897 0 0 812 105 510 157 573 0 0 485 806 496 23 397 0 4 26 205 749 0 600 908 228 502 0 0 978 0 753 0 754 0 0 869 0 936 547 0 0 492
799 1 944 710 0 0 514 0 424 404 0 0 611 762 635 0 636 0 85 0 28 563 289 0 0 446 884 0 0 0 727 0 0 0 453 133 665 248 0 911 0 296 370 0 231 426 652 742 231 0 0 430 153 309 395 428 0 0 0 0 80 0 71 0 918 774 66 740 62 216 958 482 0 994 164 178 0 360 598 70 485 0 204 951 696 149 0 826 256 870 659 0 704 648 422 0 83 0 436 898 0 540 554 151 660 0 857 85 743 312 921 566 466 954 0 2 195 614 145 820 634 356 801 709 776 291 601 0 648 126 843 0 615 118 686 326 148 613 67 0 0 0 0 424 25 958 316 13 0 0
46 0 0 822 490 139 708 36 734 627 225 101 0 597 96 894 846 407 390 803 0 190 843 0 54 509 939 787 33 394 0 774 0 916 271 0 644 364 64 545 967 137 669 231 0 632 720 631 871 0 0 150 0 0 883 277 0 569 0 523 611 0 465 525 785 434 508 456 981 536 61 749 22 616 684 0 676 747 0 37 246 489 357 82 0 0 0 0 0 992 673 856 531 267 997 567 0 865 40 547 0 0 389 0 0 276 731 0 840 158 786 354 779 671 797 0 826 98 182 793 114 859 571 241 0 0 6 34 919 256 0 162 0 213 0 0 555 938 24 592 0 426 127 734 0 808 0 640 180 629
789 0 0 894 532 0 801 710 457 0 0 0 968 359 255 301 349 42 0 296 0 236 584 263 398 659 191 233 0 0 0 932 263 296 191 602 0 999 271 0 171 244 334 426 632 0 311 551 0 963 979 0 153 0 762 551 894 27 358 863 0 60 199 0 329 343 0 939 409 119 312 0 270 966 0 98 376 603 230 909 0 294 266 667 484 0 903 312 763 148 0 300 1000 187 0 0 126 905 0 264 0 292 408 432 464 927 0 0 162 0 415 241 113 444 0 0 109 63 206 0 0 685 172 850 216 0 36 0 0 473 695 907 544 548 776 839 60 826 0 665 0 979 904 0 0 626 351 64 223 216
0 304 0 116 253 167 0 86 0 748 0 51 0 0 547 0 0 161 356 746 674 263 278 0 105 458 787 25 781 0 104 725 167 470 186 111 119 576 714 942 66 722 0 652 720 311 0 164 0 210 258 201 423 254 0 0 0 774 367 287 496 0 787 738 36 892 703 763 196 818 0 0 0 666 0 165 819 0 793 748 0 426 640 159 0 65 637 5 0 0 530 758 662 630 0 363 0 559 871 907 975 995 0 996 540 0 0 262 94 0 0 249 584 250 660 294 188 64 276 605 749 905 398 603 757 90 971 0 0 444 820 217 927 911 0 237 397 53 770 875 874 0 760 982 731 0 133 411 638 615
982 69 901 0 569 460 223 141 0 675 719 311 885 844 566 740 0 197 281 0 983 253 427 0 140 433 349 0 732 176 258 615 0 352 780 866 0 389 22 0 860 116 0 742 631 551 164 0 650 0 710 264 678 0 767 310 0 0 543 0 110 0 0 162 0 937 706 0 69 277 396 785 692 238 292 579 624 0 462 0 0 0 196 684 0 164 730 0 964 898 355 880 33 527 231 291 657 977 0 0 818 875 172 100 211 262 289 50 318 306 37 221 202 0 547 762 978 0 61 380 0 836 0 0 761 740 995 258 715 0 0 464 683 490 717 759 0 333 0 882 308 588 535 758 0 685 317 864 0 425
199 140 373 454 531 522 143 802 195 0 0 453 0 316 264 683 3 889 0 915 654 0 550 0 414 363 151 156 481 406 258 112 745 791 426 0 161 129 843 520 804 340 0 231 871 0 0 650 0 624 0 0 357 764 0 0 707 804 292 292 84 0 834 43 477 801 0 0 325 0 179 843 0 817 828 0 0 933 0 399 265 97 854 521 537 0 22 248 0 648 807 288 163 0 728 990 737 693 730 536 88 481 922 637 587 0 82 707 185 0 247 550 0 0 0 0 0 245 909 698 451 955 581 441 0 238 470 230 0 100 776 959 0 617 935 307 765 556 586 525 9 0 285 686 792 0 524 0 518 0
0 432 784 812 0 819 720 0 0 16 155 952 887 704 850 0 737 920 14 751 60 0 45 587 0 478 291 612 410 46 772 845 0 499 948 69 22 347 696 0 104 612 817 0 0 963 210 0 624 0 908 0 928 133 0 777 486 606 823 172 0 0 850 774 48 499 836 622 0 309 584 0 338 781 331 0 390 713 400 557 367 0 453 596 807 838 37 49 413 47 511 897 0 949 953 0 0 429 576 38 353 257 454 372 0 0 0 0 878 150 526 564 0 166 132 419 531 0 799 577 0 540 0 0 0 756 374 0 833 383 0 505 161 0 699 900 720 788 393 115 776 0 719 124 106 0 51 319 665 0
114 0 763 875 940 113 687 0 40 804 0 569 0 58 746 424 288 431 44 984 803 362 0 89 298 0 138 645 133 18 846 522 0 672 55 0 733 31 880 216 0 0 902 0 0 979 258 710 0 908 0 511 713 575 309 285 0 63 121 0 632 0 11 197 155 285 552 69 891 0 350 153 567 874 255 552 929 785 0 618 0 948 139 767 549 0 0 705 575 857 812 0 132 0 235 0 777 0 138 828 870 0 0 0 773 299 665 493 863 955 800 0 143 191 391 0 212 925 0 861 878 792 0 95 557 338 663 881 0 655 282 0 341 0 292 973 0 665 364 672 169 723 928 0 911 0 0 29 0 0
826 0 564 178 0 0 0 468 36 0 997 0 608 0 0 121 408 358 135 433 933 0 430 365 414 345 0 0 242 724 0 0 546 471 614 964 248 474 396 503 502 971 744 430 150 0 201 264 0 0 511 0 295 0 143 308 158 13 912 889 61 373 0 660 520 323 570 702 599 895 434 0 212 355 358 811 913 79 456 0 0 0 19 0 0 601 0 604 0 0 786 278 0 779 111 625 0 499 670 743 232 0 0 577 0 0 0 467 0 430 0 643 450 176 346 580 0 0 0 761 809 729 0 461 0 27 0 314 435 0 153 0 0 41 0 15 0 842 598 0 911 0 16 876 565 451 256 0 569 881
134 0 236 0 0 671 791 71 56 106 0 859 367 0 6 843 0 19 381 825 925 172 0 0 484 0 0 847 0 0 156 154 447 285 0 707 2 579 819 728 785 281 943 153 0 153 423 678 357 928 713 295 0 560 375 656 935 0 583 0 824 0 0 67 683 46 267 0 76 257 348 526 0 757 0 550 335 529 864 0 0 0 75 0 0 550 0 0 75 359 925 185 0 996 0 502 280 109 404 0 0 218 737 0 150 797 0 66 513 452 438 594 0 753 0 963 648 841 272 478 0 776 0 588 0 519 607 0 628 0 502 129 469 355 265 444 0 321 0 0 973 363 85 0 308 51 964 344 459 917
528 845 0 873 180 435 0 759 205 0 0 820 153 719 554 808 120 997 0 311 694 0 141 719 0 140 0 0 277 0 658 284 0 815 147 22 360 104 437 772 0 657 346 309 0 0 254 0 764 133 575 0 560 0 121 262 789 920 660 0 799 0 970 630 207 107 344 388 547 204 0 0 550 499 0 118 0 0 0 63 0 0 349 836 643 440 0 0 0 676 228 574 0 724 995 777 723 0 154 550 0 363 454 0 145 821 317 0 0 233 768 610 366 1 500 0 255 13 626 181 0 0 61 0 0 0 604 0 0 0 0 94 479 0 814 0 0 357 0 0 517 572 908 0 661 260 687 431 0 887
393 806 0 0 73 0 732 788 368 717 656 0 436 696 57 463 678 438 883 636 480 696 379 0 0 452 36 0 259 545 0 221 939 202 0 599 787 0 0 0 344 561 106 395 883 762 0 767 0 0 309 143 375 121 0 305 0 804 246 0 275 306 658 0 0 0 0 229 235 996 894 0 763 485 385 3 720 800 964 0 454 910 0 306 880 259 0 0 889 375 269 298 361 159 0 0 383 1 536 0 988 205 892 463 546 904 424 0 0 707 913 787 61 449 0 0 362 0 316 141 92 0 313 28 385 0 0 269 476 607 0 562 0 830 0 911 866 746 137 327 0 888 697 879 0 438 509 0 905 0
0 366 0 0 516 0 0 744 283 162 890 488 806 582 546 644 0 388 232 531 795 751 346 0 0 0 0 514 433 934 0 885 457 843 0 50 252 0 0 389 847 965 0 428 277 551 0 310 0 777 285 308 656 262 305 0 964 526 692 703 889 779 0 0 887 989 123 923 407 566 0 869 841 704 452 879 0 0 911 0 854 541 709 0 253 255 168 625 342 0 744 847 3 378 486 835 413 442 84 469 0 0 112 297 0 946 477 0 511 930 0 919 0 675 701 506 510 0 573 791 0 697 301 985 670 0 0 710 199 319 0 940 0 410 0 591 445 0 0 665 825 685 444 797 462 606 744 30 0 485
78 0 0 297 0 669 0 263 0 0 157 35 587 0 968 366 0 419 666 0 426 0 103 0 664 126 0 959 807 633 632 91 681 612 0 0 92 751 748 137 6 146 506 0 0 894 0 0 707 486 0 158 935 789 0 964 0 259 0 0 387 661 386 0 467 848 948 34 393 747 57 708 0 852 959 121 668 817 349 555 0 517 449 944 623 677 0 569 307 239 0 0 737 0 312 24 441 455 812 94 509 920 0 938 214 142 532 218 0 0 742 0 347 0 0 488 0 787 809 846 927 232 168 322 0 25 314 792 452 0 0 88 368 673 0 902 0 779 292 94 110 906 0 109 792 502 0 367 0 283
927 324 791 767 0 684 869 0 439 240 592 124 0 770 0 389 637 457 0 964 0 0 35 0 105 688 622 976 946 808 952 446 0 820 0 487 866 0 395 0 614 0 946 0 569 27 774 0 804 606 63 13 0 920 804 526 259 0 999 407 0 550 761 608 344 370 939 0 440 0 661 449 0 0 746 192 787 0 222 0 766 116 21 519 569 309 0 297 0 684 483 456 866 392 0 798 242 369 232 197 0 392 326 745 706 802 0 895 901 396 239 327 209 365 696 0 790 810 0 0 334 827 260 0 496 240 0 0 577 0 0 0 255 17 129 486 857 0 593 439 0 391 267 855 751 333 708 227 623 55
894 306 0 354 508 599 916 589 0 0 565 176 706 775 50 749 472 252 0 380 0 233 497 158 918 431 985 155 912 20 949 783 186 312 908 799 211 653 504 835 183 608 0 0 0 358 367 543 292 823 121 912 583 660 246 692 0 999 0 671 0 0 456 805 913 325 817 258 596 0 873 434 537 0 716 712 0 927 0 195 652 0 0 990 33 922 469 266 495 0 857 0 844 0 0 0 934 0 220 844 367 5 0 137 0 231 570 308 0 0 969 147 966 0 140 0 288 891 273 366 988 906 0 0 180 0 0 0 132 51 227 523 0 0 0 678 834 465 0 647 67 288 0 0 215 6 132 0 767 0
608 0 356 626 208 0 18 579 0 75 890 786 710 0 0 854 182 40 0 732 511 0 323 330 881 325 284 0 75 553 0 256 976 667 929 0 305 0 842 0 930 739 106 0 523 863 287 0 292 172 0 889 0 0 0 703 0 407 671 0 895 448 0 941 649 0 805 363 281 464 266 454 82 914 287 269 700 330 47 0 598 612 0 0 0 0 948 685 488 117 0 524 508 304 559 869 44 265 726 839 1000 406 0 350 503 302 222 84 490 838 538 440 198 775 0 300 0 504 209 108 793 369 363 650 0 450 679 884 915 8 166 217 139 0 0 195 744 291 425 511 0 226 0 0 65 0 515 581 853 679
572 527 0 524 204 642 659 762 0 0 0 225 0 0 618 0 684 988 430 304 929 892 0 374 0 0 603 171 0 659 178 362 199 0 264 108 406 249 140 436 656 0 66 80 611 0 496 110 84 0 632 61 824 799 275 889 387 0 0 895 0 62 0 299 166 715 171 729 153 74 0 176 764 1000 676 276 0 801 0 647 19 0 722 247 285 681 512 0 44 0 0 260 433 684 582 810 901 0 149 646 0 834 895 484 0 0 720 114 0 535 605 0 599 814 0 885 0 622 602 172 656 920 0 712 172 0 147 0 287 0 0 585 295 758 111 232 0 563 780 675 841 889 889 246 797 0 314 341 0 15
958 826 762 0 675 474 348 867 0 0 716 206 416 246 114 235 289 305 807 773 45 739 375 0 765 483 0 0 0 0 652 344 722 425 221 353 0 66 687 903 575 196 208 0 0 60 0 0 0 0 0 373 0 0 306 779 661 550 0 448 62 0 922 0 613 197 707 20 993 0 0 327 375 716 0 494 702 148 40 412 0 795 920 532 751 565 198 0 0 692 305 699 0 499 561 428 581 486 0 261 403 0 0 0 781 0 995 355 993 968 24 668 0 309 786 78 0 403 348 422 0 291 0 543 771 821 462 762 0 0 58 766 539 875 790 0 0 209 275 583 281 690 11 0 0 0 0 287 682 617
476 165 904 0 0 304 319 585 268 0 353 0 0 0 0 317 562 69 852 824 112 0 0 0 0 552 79 0 779 891 0 0 436 174 4 662 643 698 472 77 0 785 0 71 465 199 787 0 834 850 11 0 0 970 658 0 386 761 456 0 0 922 0 166 402 299 534 119 0 189 787 0 148 604 538 474 0 789 23 204 0 0 831 0 0 0 0 0 165 62 802 281 981 463 910 0 0 112 179 0 692 794 724 0 419 0 0 460 0 235 903 730 947 742 728 941 0 809 0 940 0 221 307 180 819 0 538 832 0 831 0 0 850 941 86 990 201 0 497 473 0 578 36 793 0 0 0 510 793 366
626 136 0 82 600 264 682 0 581 638 451 779 0 0 92 158 157 321 0 863 645 60 444 881 775 458 0 747 818 515 414 310 716 0 139 582 749 863 0 0 161 477 0 0 525 0 738 162 43 774 197 660 67 630 0 0 0 608 805 941 299 0 166 0 249 0 668 227 254 291 897 960 0 185 256 771 0 624 0 656 501 0 803 142 650 0 22 120 858 685 115 0 81 163 395 6 864 73 617 107 0 201 0 76 826 0 0 86 743 618 115 0 184 467 46 612 439 141 0 0 0 372 274 193 0 900 97 0 0 495 66 820 0 520 0 0 0 0 0 0 635 308 682 772 719 39 645 240 530 656
602 493 0 775 891 0 0 18 0 539 658 678 117 763 770 778 444 662 99 258 211 0 989 491 0 292 513 799 818 0 529 0 16 0 918 673 878 963 912 587 0 823 383 918 785 329 36 0 477 48 155 520 683 207 0 887 467 344 913 649 166 613 402 249 0 692 62 466 175 805 77 0 122 307 893 0 0 719 0 37 595 0 42 816 0 871 0 269 0 849 0 39 0 0 0 0 0 498 222 222 150 0 0 0 155 85 0 0 302 711 105 0 677 836 98 742 0 0 263 0 897 918 0 0 648 0 0 0 535 552 749 934 279 84 535 0 984 17 478 715 968 104 847 161 386 410 588 0 302 572
438 384 198 345 0 0 941 342 617 0 200 0 150 99 321 425 0 98 471 0 234 152 280 0 707 652 300 0 192 465 745 295 0 99 442 0 910 0 41 561 0 884 288 774 434 343 892 937 801 499 285 323 46 107 0 989 848 370 325 0 715 197 299 0 692 0 651 0 447 0 972 177 824 0 68 461 853 619 496 948 441 809 0 80 0 37 382 0 463 831 77 356 0 203 272 243 257 933 121 857 775 0 843 173 650 635 0 0 0 0 22 857 823 0 454 0 0 360 672 347 80 498 0 750 975 852 181 260 877 196 666 0 762 426 728 0 287 817 476 338 925 692 0 819 473 0 0 0 512 0
516 725 427 510 276 812 0 567 931 160 0 349 0 0 0 0 828 0 0 739 0 0 910 0 767 329 126 0 0 580 69 0 0 593 202 578 879 326 331 679 0 0 0 66 508 0 703 706 0 836 552 570 267 344 0 123 948 939 817 805 171 707 534 668 62 651 0 569 0 0 0 0 715 783 338 244 0 281 0 933 661 0 614 548 462 910 0 21 230 0 523 164 966 556 0 977 0 527 637 0 280 0 788 0 747 143 140 0 0 306 930 0 565 491 884 107 0 0 0 399 0 0 84 780 542 685 95 0 237 122 0 665 0 891 234 767 721 272 391 3 0 734 496 641 479 370 836 0 661 292
106 291 249 177 576 764 873 419 646 0 769 643 282 731 589 822 266 467 25 0 0 0 66 789 0 729 488 163 0 0 686 135 392 687 76 0 0 0 381 188 0 0 308 740 456 939 763 0 0 622 69 702 0 388 229 923 34 0 258 363 729 20 119 227 466 0 569 0 899 0 0 55 150 741 135 0 226 0 661 896 912 0 539 232 383 855 739 594 0 0 0 859 258 827 0 359 591 0 675 200 830 821 0 129 0 0 0 929 4 838 0 127 0 0 0 97 0 826 330 191 678 0 720 0 897 23 375 0 703 722 111 0 73 128 285 0 935 472 296 697 140 317 0 690 763 793 329 793 93 469
635 389 0 758 982 397 940 0 428 261 331 0 386 654 569 813 290 232 322 0 0 106 698 0 656 456 0 0 975 335 999 490 0 957 222 272 0 758 0 389 167 32 970 62 981 409 196 69 325 0 891 599 76 547 235 407 393 440 596 281 153 993 0 254 175 447 0 899 0 51 0 0 0 0 0 826 519 99 985 110 0 122 739 275 982 162 834 64 994 530 0 229 0 897 710 257 237 0 261 334 631 81 597 0 0 371 0 703 68 487 0 404 620 684 572 653 340 443 0 215 0 0 853 943 0 0 28 665 0 934 393 595 859 90 744 481 0 655 0 584 953 906 28 0 0 213 0 441 611 583
617 0 0 579 502 0 672 924 430 0 649 679 604 803 350 0 761 749 157 260 83 472 0 0 634 322 591 0 344 0 913 63 0 0 0 524 588 540 0 596 522 0 0 216 536 119 818 277 0 309 0 895 257 204 996 566 747 0 0 464 74 0 189 291 805 0 0 0 51 0 473 73 197 0 666 0 58 0 799 49 960 0 831 0 681 1 0 216 0 743 0 0 488 312 0 905 313 27 844 222 481 397 621 306 325 0 0 111 0 194 0 742 264 91 459 326 871 802 55 557 165 0 0 133 720 948 635 457 0 887 441 800 872 0 0 0 263 754 252 899 4 894 838 848 0 772 351 89 0 774
29 0 0 869 382 0 997 485 0 0 0 1000 0 0 563 0 948 0 287 479 186 962 337 714 83 425 726 0 0 0 888 174 364 250 218 132 0 392 994 538 0 0 0 958 61 312 0 396 179 584 350 434 348 0 894 0 57 661 873 266 0 0 787 897 77 972 0 0 0 473 0 419 70 509 456 169 732 395 696 676 72 0 0 0 142 995 0 0 493 309 267 174 668 342 0 0 0 488 740 0 604 0 725 0 90 0 0 661 0 0 0 482 420 333 517 510 102 34 0 972 304 573 505 109 663 0 0 82 430 501 0 712 31 803 755 247 918 340 251 264 265 0 0 364 535 0 565 465 0 0
277 66 265 461 930 546 52 0 354 797 24 668 743 581 586 658 350 594 535 0 605 610 625 397 0 950 876 643 773 441 73 815 0 0 0 882 790 127 32 0 640 579 35 482 749 0 0 785 843 0 153 0 526 0 0 869 708 449 434 454 176 327 0 960 0 177 0 55 0 73 419 0 410 434 912 155 0 0 0 580 769 0 0 904 970 951 695 728 470 360 460 981 981 0 0 0 0 870 0 720 116 235 0 728 503 902 241 0 0 867 0 286 115 1000 12 0 0 0 0 536 163 0 0 824 0 0 0 110 105 346 853 276 0 245 833 373 974 734 185 420 0 0 460 0 0 0 441 277 367 663
736 480 888 437 534 695 174 433 0 0 488 0 926 457 630 633 0 0 679 898 658 203 122 593 0 0 0 753 270 588 644 415 888 888 0 894 800 246 328 0 938 702 269 0 22 270 0 692 0 338 567 212 0 550 763 841 0 0 537 82 764 375 148 0 122 824 715 150 0 197 70 410 0 992 0 610 0 378 0 0 48 0 69 490 333 832 469 451 0 268 0 0 985 0 886 73 517 0 685 0 758 0 14 913 889 960 896 484 369 922 77 321 0 257 329 119 463 0 285 504 0 0 382 0 0 872 565 0 0 0 0 958 0 0 150 639 0 63 307 878 426 345 0 966 419 597 558 898 0 0
822 193 0 0 52 775 37 0 966 0 797 0 672 0 694 712 0 0 387 17 0 25 164 740 149 50 800 312 38 0 0 722 0 197 0 700 0 0 0 991 343 484 749 994 616 966 666 238 817 781 874 355 757 499 485 704 852 0 0 914 1000 716 604 185 307 0 783 741 0 0 509 434 992 0 140 800 827 1 127 413 271 484 410 30 0 422 647 478 0 0 769 343 0 0 957 0 271 500 761 0 605 310 0 748 225 0 0 438 0 24 575 20 0 0 0 144 644 0 0 0 318 860 377 248 955 933 0 649 683 560 728 58 894 164 895 0 0 611 500 41 864 193 365 504 929 999 0 990 495 431
56 0 728 595 157 0 579 0 0 1 998 98 121 92 0 0 0 0 430 963 19 677 518 843 0 0 337 222 380 449 0 0 345 23 47 0 0 953 941 61 855 219 0 164 684 0 0 292 828 331 255 358 0 0 385 452 959 746 716 287 676 0 538 256 893 68 338 135 0 666 456 912 0 140 0 641 682 895 78 433 0 323 0 998 86 497 90 277 904 909 751 830 968 0 263 0 640 715 868 252 284 128 0 641 762 224 518 68 0 0 493 285 41 162 300 0 349 184 406 883 354 0 74 0 715 157 970 0 499 0 0 324 522 0 0 0 329 388 0 531 199 655 727 0 1 487 21 663 541 695
0 204 1 541 276 0 653 0 0 708 0 788 352 787 0 879 110 0 639 0 0 851 982 836 83 0 0 517 84 984 32 0 635 0 759 49 90 0 212 632 742 351 0 178 0 98 165 579 0 0 552 811 550 118 3 879 121 192 712 269 276 494 474 771 0 461 244 0 826 0 169 155 610 800 641 0 975 0 26 111 584 751 0 759 440 939 476 556 835 905 435 0 0 382 896 837 0 234 0 339 821 587 839 997 0 19 736 54 150 616 887 0 772 0 0 132 225 398 0 0 631 0 734 462 36 630 0 0 980 0 662 234 551 657 0 128 948 0 821 390 0 541 0 46 0 113 0 26 0 93
495 0 0 222 0 743 0 0 0 4 0 660 0 0 239 0 22 698 0 7 593 498 0 390 0 937 0 0 61 0 0 0 897 142 361 0 838 791 0 72 73 691 0 0 676 376 819 624 0 390 929 913 335 0 720 0 668 787 0 700 0 702 0 0 0 853 0 226 519 58 732 0 0 827 682 975 0 450 0 835 0 605 0 0 632 246 99 254 0 0 441 117 717 0 32 159 803 0 317 854 873 71 41 0 0 0 971 473 395 768 0 58 0 0 0 0 0 398 671 263 572 153 0 0 8 0 704 79 0 588 715 97 536 991 972 987 312 591 0 679 0 730 247 36 0 180 0 142 677 387
88 168 892 119 479 568 0 116 0 0 249 950 504 703 673 704 0 413 872 0 608 741 125 948 620 0 0 668 244 31 661 735 0 104 715 297 497 0 41 448 0 584 726 360 747 603 0 0 933 713 785 79 529 0 800 0 817 0 927 330 801 148 789 624 719 619 281 0 99 0 395 0 378 1 895 0 450 0 156 581 923 183 468 0 784 732 975 394 0 0 0 511 845 662 355 175 0 0 642 804 972 688 852 216 0 600 169 810 0 391 685 251 279 779 0 0 0 827 271 0 0 468 0 0 798 975 181 0 338 188 167 359 689 876 368 828 715 0 106 0 626 983 644 0 489 0 435 835 677 0
553 885 954 123 0 812 158 426 536 542 909 0 928 0 533 584 0 627 558 0 904 0 496 533 236 48 409 0 0 396 435 834 212 876 148 82 0 85 38 415 889 24 260 598 0 230 793 462 0 400 0 456 864 0 964 911 349 222 0 47 0 40 23 0 0 496 0 661 985 799 696 0 0 127 78 26 0 156 0 624 0 725 0 885 825 563 654 527 0 0 73 535 431 894 469 0 0 752 0 0 667 581 0 968 511 242 506 0 391 0 907 699 0 509 838 853 327 0 0 494 992 0 775 484 86 0 764 10 27 265 546 30 0 887 0 209 0 968 106 688 163 783 112 928 0 267 121 0 784 196
